1.6300   1.8000   0.8695   -0.7750    76.344   4.610     4.392    5.165     6.624    7.954   -16.257   15.933
1.6300   1.8000   0.8695   -0.5250    66.200   4.318     3.693    4.481   -17.216    7.462    10.328   14.894
1.6300   1.8000   0.8695   -0.3000    50.957   4.192     7.654    4.541     0.549    7.028     9.638   13.101
1.6300   1.8000   0.8695   -0.1000    55.231   4.076    -2.075    4.463     8.064    7.144    -2.991   13.216
1.6300   1.8000   0.8695    0.1000    38.716   3.214    -4.783    3.584    10.601    5.768     2.867    8.480
1.6300   1.8000   0.8695    0.3000    61.300   3.886    -6.968    4.181    -0.360    7.075     4.000   14.415
1.6300   1.8000   0.8695    0.5000    55.520   3.912   -11.009    3.795   -13.567    7.144     2.406   15.288
1.6300   1.8000   0.8695    0.6750    53.389   4.479    -2.253    4.457    -7.855    8.032     2.166   16.307
1.6300   1.8000   0.8695    0.8250    72.800   5.621     8.341    5.910     1.791    9.834    12.534   19.435
1.6300   1.8000   0.8695    0.9500    66.561   7.794     0.627    8.780     7.033   13.951     7.250   26.251
1.6750   1.8000   0.8601   -0.7750    92.053   4.539    -1.470    5.068    -1.273    8.072    26.230   14.991
1.6750   1.8000   0.8601   -0.5250    84.724   3.890    -1.785    4.565    -4.107    7.133    14.445   12.344
1.6750   1.8000   0.8601   -0.3000    85.306   4.021     5.069    4.646    -5.296    7.323    24.336   12.849
1.6750   1.8000   0.8601   -0.1000    80.557   3.941   -10.179    4.432     7.057    7.146     9.474   12.079
1.6750   1.8000   0.8601    0.1000    88.336   4.265   -18.198    4.234   -14.346    7.727    21.066   13.887
1.6750   1.8000   0.8601    0.3000    90.775   4.212   -17.169    4.189    -8.505    7.681    16.430   13.997
1.6750   1.8000   0.8601    0.5000   111.720   4.058   -18.896    4.274     8.626    7.444     8.950   13.764
1.6750   1.8000   0.8601    0.6750   157.493   5.144   -21.926    5.262    -8.456    9.452    26.946   19.121
1.6750   1.8000   0.8601    0.8250   181.944   5.440    -9.288    5.607   -17.060    9.940    12.834   19.710
1.6750   1.8000   0.8601    0.9500   244.912   8.434    -5.819    9.202    -4.245   15.394   -30.000   25.382
1.7250   1.8000   0.8493   -0.7750    62.545   3.562     6.836    4.403     2.069    6.545    12.952   11.038
1.7250   1.8000   0.8493   -0.5250    48.637   2.410    -4.959    2.826   -14.994    4.642    19.494    8.027
1.7250   1.8000   0.8493   -0.3000    64.236   2.791   -18.724    3.051   -17.690    5.132    11.912    9.434
1.7250   1.8000   0.8493   -0.1000    72.600   2.975   -20.315    3.514     1.682    5.559    28.905    9.256
1.7250   1.8000   0.8493    0.1000   103.985   3.630   -26.415    4.181    -5.346    6.803    26.305   11.723
1.7250   1.8000   0.8493    0.3000   126.715   4.465   -25.153    5.210     7.104    8.204    28.872   12.959
1.7250   1.8000   0.8493    0.5000   173.094   5.423   -25.880    5.706    14.784    9.530     3.560   16.361
1.7250   1.8000   0.8493    0.6750   222.203   5.564   -29.685   10.168    -3.699    4.628     6.374   20.986
1.7250   1.8000   0.8493    0.8250   286.963   5.787   -21.821    6.284    -6.495   10.676    44.192   20.793
1.7250   1.8000   0.8493    0.9500   359.912   8.890    -5.383    9.723    -2.334   16.363    25.467   31.141
1.7750   1.8000   0.8380   -0.7750    22.583   2.347     5.321    3.074     5.349    4.088     8.134    5.574
1.7750   1.8000   0.8380   -0.5250    33.331   1.960    -8.016    2.469    -9.157    3.868     8.704    6.356
1.7750   1.8000   0.8380   -0.3000    57.427   2.586   -23.652    3.125   -10.671    4.876    23.255    8.111
1.7750   1.8000   0.8380   -0.1000    74.602   2.771   -21.461    3.305    -6.437    5.250    18.516    8.850
1.7750   1.8000   0.8380    0.1000   111.824   3.226   -25.890    3.812    -5.805    6.116    -0.625   10.436
1.7750   1.8000   0.8380    0.3000   133.959   3.719   -28.706    4.465   -11.346    7.180    21.881   11.985
1.7750   1.8000   0.8380    0.5000   175.972   4.738   -31.101    5.568    12.377    8.846    16.679   13.906
1.7750   1.8000   0.8380    0.6750   204.616   5.894   -19.415    6.028    -0.771   10.611    24.791   17.310
1.7750   1.8000   0.8380    0.8250   247.120   5.033    -6.498    5.675     3.798    9.436    -7.970   17.705
1.7750   1.8000   0.8380    0.9500   303.890   6.946     0.271    7.930    14.748   12.951    33.825   24.292
1.8250   1.8000   0.8250   -0.7750    27.227   2.460     8.975    3.161    -3.063    4.445     8.491    7.134
1.8250   1.8000   0.8250   -0.5250    32.224   1.849    -0.884    2.045   -13.886    3.533     8.700    6.261
1.8250   1.8000   0.8250   -0.3000    52.674   2.336   -18.030    2.883    -3.474    4.458    14.425    7.307
1.8250   1.8000   0.8250   -0.1000    71.238   2.968   -10.717    4.175    -0.634    6.176    13.292    8.220
1.8250   1.8000   0.8250    0.1000    85.341   2.739   -15.259    3.459     4.913    5.357    13.569    8.141
1.8250   1.8000   0.8250    0.3000   119.084   3.167   -28.920    3.878    -7.230    6.148    -0.157   10.307
1.8250   1.8000   0.8250    0.5000   136.231   3.730   -16.624    4.846     0.410    7.587    21.999   11.510
1.8250   1.8000   0.8250    0.6750   163.855   5.278   -12.401    5.366   -15.518    9.559    22.833   16.050
1.8250   1.8000   0.8250    0.8250   204.949   4.545   -20.419    4.942   -24.898    8.648   -14.695   16.367
1.8250   1.8000   0.8250    0.9500   286.487   6.225   -18.771    7.255   -17.842   11.732     1.244   23.024
1.8750   1.8000   0.8128   -0.7750    33.422   2.204    -4.076    2.696     3.112    4.231     4.732    7.001
1.8750   1.8000   0.8128   -0.5250    35.432   1.787    -0.461    2.016    -8.264    3.421    12.556    6.137
1.8750   1.8000   0.8128   -0.3000    42.126   1.933   -12.409    2.287    -1.971    3.721    16.282    6.172
1.8750   1.8000   0.8128   -0.1000    51.044   2.128   -15.067    2.648    -7.953    4.169    17.752    6.651
1.8750   1.8000   0.8128    0.1000    80.835   2.876   -14.237    3.957    -2.948    5.869     2.281    8.249
1.8750   1.8000   0.8128    0.3000    89.921   2.587   -14.172    3.193   -15.009    5.156    14.186    8.412
1.8750   1.8000   0.8128    0.5000   131.759   3.333    -4.113    4.427     7.959    6.901    17.432   10.330
1.8750   1.8000   0.8128    0.6750   156.688   4.856   -15.164    5.472    -1.346    8.899    17.294   14.296
1.8750   1.8000   0.8128    0.8250   188.170   4.369    -8.223    4.835     0.523    8.337     7.805   15.029
1.8750   1.8000   0.8128    0.9500   271.251   5.749   -13.486    6.928    -7.443   11.099     1.845   20.896
1.9250   1.8000   0.7996   -0.7750    27.031   1.979     0.736    2.554    12.302    3.748     5.290    5.508
1.9250   1.8000   0.7996   -0.5250    24.180   1.394    -0.338    1.570    -8.355    2.727     6.388    4.923
1.9250   1.8000   0.7996   -0.3000    24.822   1.426    -2.180    1.706    -2.593    2.797    10.159    4.942
1.9250   1.8000   0.7996   -0.1000    36.896   1.761    -8.437    2.132    -6.328    3.490     4.168    5.845
1.9250   1.8000   0.7996    0.1000    46.913   2.009   -15.607    2.742   -11.717    4.197     5.987    5.816
1.9250   1.8000   0.7996    0.3000    77.949   2.454   -11.029    3.348    -5.682    5.178    11.527    7.528
1.9250   1.8000   0.7996    0.5000   107.040   2.698   -14.391    3.431     0.885    5.532     7.101    8.562
1.9250   1.8000   0.7996    0.6750   133.850   4.340    -7.409    5.450     1.799    8.335    23.799   12.067
1.9250   1.8000   0.7996    0.8250   187.544   4.408    -6.221    4.842    -0.153    8.414    14.897   14.692
1.9250   1.8000   0.7996    0.9500   258.416   5.275   -13.708    6.327    -1.508   10.371    29.505   19.003
1.9750   1.8000   0.7836   -0.7750    25.178   1.771     1.337    2.271     3.012    3.486    11.471    6.436
1.9750   1.8000   0.7836   -0.5250    11.039   0.890     1.571    1.068    -1.891    1.713     5.935    2.962
1.9750   1.8000   0.7836   -0.3000    14.053   1.157    -1.055    1.397    -1.211    2.309     7.860    3.814
1.9750   1.8000   0.7836   -0.1000    21.799   1.340    -6.038    1.525    -6.702    2.678     5.327    4.480
1.9750   1.8000   0.7836    0.1000    40.692   1.794   -12.815    2.268   -12.470    3.675     0.945    5.872
1.9750   1.8000   0.7836    0.3000    63.626   2.217   -17.491    3.105   -11.993    4.787     3.823    6.467
1.9750   1.8000   0.7836    0.5000    96.620   2.481    -3.764    3.296     1.465    5.239    14.909    7.836
1.9750   1.8000   0.7836    0.6750   113.250   3.812    -5.780    5.089     6.848    7.679    25.921   10.529
1.9750   1.8000   0.7836    0.8250   154.553   4.228    -6.056    4.962    21.237    7.941     8.127   12.177
1.9750   1.8000   0.7836    0.9500   247.780   4.911   -19.916    5.925    23.196    9.853     5.877   17.057
2.0250   1.8000   0.7683   -0.7750     7.431   1.011     2.392    1.326     1.898    1.901     3.145    2.886
2.0250   1.8000   0.7683   -0.5250     4.266   0.594     1.114    0.702    -1.460    1.143     0.718    1.988
2.0250   1.8000   0.7683   -0.3000     8.249   0.863    -3.179    1.007    -2.140    1.794     5.297    2.889
2.0250   1.8000   0.7683   -0.1000    17.626   1.159    -6.089    1.349    -5.462    2.349     1.516    3.831
2.0250   1.8000   0.7683    0.1000    36.631   1.607    -9.165    1.981    -8.401    3.282     9.061    5.163
2.0250   1.8000   0.7683    0.3000    53.227   2.070   -12.096    3.040    -8.126    4.588     3.530    5.726
2.0250   1.8000   0.7683    0.5000    74.726   2.149    -4.601    2.971    -6.931    4.700     5.325    6.628
2.0250   1.8000   0.7683    0.6750    93.162   3.126    -6.199    4.273    -9.856    6.712     6.925    9.272
2.0250   1.8000   0.7683    0.8250   127.029   4.044   -12.532    4.795     5.944    7.697     8.839   11.261
2.0250   1.8000   0.7683    0.9500   224.677   4.534   -20.301    5.529    22.948    9.273    34.579   15.597
2.0750   1.8000   0.7489   -0.7750     3.617   0.701     0.470    0.888    -0.452    1.418     1.400    2.297
2.0750   1.8000   0.7489   -0.5250     2.154   0.472     0.633    0.593    -0.201    0.915     0.046    1.423
2.0750   1.8000   0.7489   -0.3000     9.821   0.962    -4.010    1.193    -1.152    2.006     0.280    3.163
2.0750   1.8000   0.7489   -0.1000    17.950   1.112    -4.550    1.351    -3.316    2.329     5.151    3.618
2.0750   1.8000   0.7489    0.1000    27.363   1.334    -7.170    1.618    -8.420    2.798     8.000    4.420
2.0750   1.8000   0.7489    0.3000    43.720   1.724   -15.333    2.358   -12.863    3.751     6.903    5.153
2.0750   1.8000   0.7489    0.5000    64.840   2.139    -0.813    3.247    -3.495    4.984    12.613    5.941
2.0750   1.8000   0.7489    0.6750    88.089   3.013    -3.445    4.360     6.019    6.747     8.030    8.567
2.0750   1.8000   0.7489    0.8250   127.830   4.398   -12.821    5.438     6.360    8.262     7.415   11.905
2.0750   1.8000   0.7489    0.9500   233.279   4.728    -8.143    5.893    16.510    9.919     2.456   16.333
2.1250   1.8000   0.7287   -0.7750     1.072   0.544     0.468    0.742     0.404    0.968    -0.199    1.364
2.1250   1.8000   0.7287   -0.5250     2.133   0.457     0.490    0.585    -0.207    0.932    -0.669    1.431
2.1250   1.8000   0.7287   -0.3000     6.925   0.759    -3.768    0.956    -1.348    1.667     0.832    2.502
2.1250   1.8000   0.7287   -0.1000    11.408   0.891    -3.384    1.125    -1.496    1.919     5.424    2.786
2.1250   1.8000   0.7287    0.1000    21.016   1.131    -4.729    1.452    -2.650    2.443     5.793    3.619
2.1250   1.8000   0.7287    0.3000    35.946   1.508    -6.587    1.971   -11.704    3.221     5.666    4.569
2.1250   1.8000   0.7287    0.5000    52.237   2.043    -3.963    3.169    -5.995    4.794    12.245    5.230
2.1250   1.8000   0.7287    0.6750    78.549   2.729    -8.973    3.942    -3.984    6.240     8.441    8.047
2.1250   1.8000   0.7287    0.8250   131.838   4.731   -12.736    6.511    25.950    9.351     6.788   11.256
2.1250   1.8000   0.7287    0.9500   216.705   4.576    -4.123    5.864    14.374    9.862    13.363   15.282
2.1750   1.8000   0.7042   -0.7750     0.615   0.410     0.496    0.575     0.150    0.700    -0.212    0.838
2.1750   1.8000   0.7042   -0.5250     1.215   0.372     0.215    0.471    -0.340    0.805     0.394    1.240
2.1750   1.8000   0.7042   -0.3000     3.723   0.511    -2.369    0.698     0.712    1.205    -0.010    1.462
2.1750   1.8000   0.7042   -0.1000     8.442   0.779    -3.437    0.986    -1.921    1.731    -1.618    2.567
2.1750   1.8000   0.7042    0.1000    15.331   0.977    -3.639    1.270    -2.018    2.185     4.017    3.125
2.1750   1.8000   0.7042    0.3000    29.318   1.370    -6.916    1.877    -2.000    3.054     7.457    4.124
2.1750   1.8000   0.7042    0.5000    47.444   2.282     1.396    3.782    -1.904    5.529    -1.892    5.096
2.1750   1.8000   0.7042    0.6750    74.630   2.625    -9.092    3.897   -10.737    6.241     4.610    7.628
2.1750   1.8000   0.7042    0.8250   110.492   4.347   -21.244    5.937    -5.451    9.028    12.167   11.064
2.1750   1.8000   0.7042    0.9500   226.210   4.853    -0.387    6.423     6.357   10.778    22.006   16.307
2.2250   1.8000   0.6791   -0.7750     0.747   0.422     0.372    0.554    -0.297    0.897     0.056    1.377
2.2250   1.8000   0.6791   -0.5250     0.896   0.303     0.318    0.426     0.259    0.635    -0.261    0.658
2.2250   1.8000   0.6791   -0.3000     3.057   0.502    -2.090    0.700     0.425    1.172     0.770    1.494
2.2250   1.8000   0.6791   -0.1000     5.304   0.644    -2.256    0.855    -0.994    1.471     1.694    1.978
2.2250   1.8000   0.6791    0.1000    13.459   0.931    -2.987    1.224    -3.464    2.155     2.061    3.038
2.2250   1.8000   0.6791    0.3000    21.759   1.191    -3.020    1.610    -4.137    2.723    -0.198    3.706
2.2250   1.8000   0.6791    0.5000    45.294   2.178    -2.703    3.548    -4.714    5.229     7.557    5.194
2.2250   1.8000   0.6791    0.6750    69.843   2.609    -2.058    4.028    -5.571    6.353    14.740    7.188
2.2250   1.8000   0.6791    0.8250   104.070   4.077   -29.275    5.584   -21.914    9.139    13.965   10.899
2.2250   1.8000   0.6791    0.9500   206.146   4.867    -1.311    6.627     1.892   11.144     3.814   15.629
2.2750   1.8000   0.6516   -0.7750     1.319   0.435     0.856    0.636     0.324    0.906     0.661    1.064
2.2750   1.8000   0.6516   -0.5250     0.592   0.283     0.118    0.341    -0.426    0.665    -0.064    0.909
2.2750   1.8000   0.6516   -0.3000     2.130   0.454    -1.001    0.597    -0.830    1.081     0.788    1.419
2.2750   1.8000   0.6516   -0.1000     4.144   0.579    -2.248    0.795    -0.924    1.378    -0.365    1.812
2.2750   1.8000   0.6516    0.1000     8.947   0.782    -2.374    1.071    -1.451    1.886     2.740    2.558
2.2750   1.8000   0.6516    0.3000    18.905   1.111    -2.558    1.575    -1.649    2.662     3.145    3.417
2.2750   1.8000   0.6516    0.5000    32.077   1.525   -12.799    2.220   -15.942    3.676     0.705    4.467
2.2750   1.8000   0.6516    0.6750    60.098   2.586    -2.432    4.174   -15.815    6.582     3.495    7.009
2.2750   1.8000   0.6516    0.8250   104.867   4.367   -11.890    6.600   -14.220   10.016    16.807   10.867
2.2750   1.8000   0.6516    0.9500   197.126   5.115    -9.335    7.007   -14.887   12.164     4.133   16.664
2.3250   1.8000   0.6210   -0.7750     1.151   0.378     0.397    0.527    -0.475    0.912    -0.292    1.363
2.3250   1.8000   0.6210   -0.5250     0.322   0.249     0.129    0.372     0.089    0.587    -0.049    0.595
2.3250   1.8000   0.6210   -0.3000     1.493   0.416    -0.247    0.608    -0.080    1.054     0.369    1.369
2.3250   1.8000   0.6210   -0.1000     1.607   0.444    -0.496    0.647    -0.246    1.126     0.852    1.318
2.3250   1.8000   0.6210    0.1000     8.711   0.736    -2.167    1.076     0.148    1.861     2.001    2.332
2.3250   1.8000   0.6210    0.3000    14.521   0.963    -2.815    1.367    -5.027    2.435     1.983    3.087
2.3250   1.8000   0.6210    0.5000    28.391   1.548    -6.791    2.375    -9.985    3.846     3.373    4.321
2.3250   1.8000   0.6210    0.6750    59.630   2.772    -4.050    4.702   -18.449    7.305    13.134    7.409
2.3250   1.8000   0.6210    0.8250    91.286   4.176    -9.400    6.744   -10.485   10.250    13.417   10.214
2.3250   1.8000   0.6210    0.9500   195.204   5.524   -21.990    7.741   -11.441   13.691     7.225   17.745
2.3750   1.8000   0.5907   -0.7750     0.995   0.321     0.796    0.536    -0.086    0.888    -0.622    0.831
2.3750   1.8000   0.5907   -0.5250     0.286   0.218     0.108    0.372     0.131    0.614     0.047    0.474
2.3750   1.8000   0.5907   -0.3000     1.247   0.370    -0.355    0.468    -1.303    0.989     1.145    1.234
2.3750   1.8000   0.5907   -0.1000     2.815   0.492    -0.586    0.733    -0.788    1.310     1.174    1.691
2.3750   1.8000   0.5907    0.1000     4.328   0.564    -1.745    0.842    -0.379    1.488     1.119    1.761
2.3750   1.8000   0.5907    0.3000    13.040   0.898    -1.623    1.373    -1.659    2.378     0.508    2.784
2.3750   1.8000   0.5907    0.5000    28.562   1.520    -6.545    2.408    -6.180    3.944     6.688    4.340
2.3750   1.8000   0.5907    0.6750    55.829   2.936    -4.554    5.314   -11.836    8.113     6.571    7.076
2.3750   1.8000   0.5907    0.8250    89.385   4.015   -10.644    6.692   -23.331   10.583     9.048   10.210
2.3750   1.8000   0.5907    0.9500   166.379   5.398   -29.836    7.829    -8.228   14.215    12.066   17.057
2.4250   1.8000   0.5588   -0.7750     0.526   0.227     0.354    0.321    -0.354    0.608     0.085    0.639
2.4250   1.8000   0.5588   -0.5250     1.021   0.267     0.560    0.446     0.931    0.694    -0.251    0.630
2.4250   1.8000   0.5588   -0.3000     0.305   0.218    -0.013    0.348    -0.033    0.615    -0.132    0.628
2.4250   1.8000   0.5588   -0.1000     1.481   0.368    -0.670    0.556    -0.595    1.017    -0.237    1.203
2.4250   1.8000   0.5588    0.1000     3.611   0.516    -1.936    0.806    -0.412    1.419     0.249    1.517
2.4250   1.8000   0.5588    0.3000     9.910   0.804    -1.173    1.276    -0.918    2.250     1.520    2.532
2.4250   1.8000   0.5588    0.5000    22.712   1.255    -6.876    1.949   -10.334    3.488     8.748    3.982
2.4250   1.8000   0.5588    0.6750    47.759   2.451    -5.183    4.118   -21.413    6.669    13.167    6.960
2.4250   1.8000   0.5588    0.8250    69.949   3.386   -19.103    5.497   -35.685    9.474    15.546    9.830
2.4250   1.8000   0.5588    0.9500   158.855   5.975   -20.212    8.921   -18.023   16.160    22.825   19.011
2.4750   1.8000   0.5289   -0.7750     1.190   0.272     0.295    0.380    -1.414    0.812     0.670    0.999
2.4750   1.8000   0.5289   -0.5250     0.261   0.182     0.106    0.309     0.073    0.528     0.236    0.481
2.4750   1.8000   0.5289   -0.3000     0.635   0.257    -0.121    0.414    -0.105    0.764     0.116    0.817
2.4750   1.8000   0.5289   -0.1000     1.049   0.305    -0.745    0.503     0.195    0.883    -0.066    0.878
2.4750   1.8000   0.5289    0.1000     4.185   0.481    -1.728    0.806     0.685    1.418    -0.846    1.440
2.4750   1.8000   0.5289    0.3000     7.467   0.677    -1.465    1.115    -0.907    2.009     3.075    2.195
2.4750   1.8000   0.5289    0.5000    19.068   1.133    -5.628    1.810    -9.935    3.329     2.574    3.619
2.4750   1.8000   0.5289    0.6750    40.000   0.000    -1.747    0.000   -23.759    0.000     0.220    0.210
2.4750   1.8000   0.5289    0.8250    62.170   3.208   -16.290    5.418   -58.120    9.590     9.205    9.396
2.4750   1.8000   0.5289    0.9500   142.048   5.008   -27.197    8.655   -14.850    5.947    21.731   16.922
2.5250   1.8000   0.4983   -0.7750     0.542   0.228     0.324    0.421    -0.018    0.726     0.029    0.606
2.5250   1.8000   0.4983   -0.5250     0.033   0.080     0.004    0.139    -0.003    0.253     0.025    0.246
2.5250   1.8000   0.4983   -0.3000     0.190   0.167     0.022    0.276    -0.035    0.518     0.107    0.483
2.5250   1.8000   0.4983   -0.1000     1.139   0.275    -0.569    0.504     0.971    0.871     0.182    0.716
2.5250   1.8000   0.4983    0.1000     0.858   0.313    -0.308    0.565     0.241    1.006     0.006    0.843
2.5250   1.8000   0.4983    0.3000     6.619   0.607    -1.199    1.062     0.116    1.913     0.041    1.861
2.5250   1.8000   0.4983    0.5000    14.121   0.998    -2.634    1.699    -3.845    3.072     2.375    3.176
2.5250   1.8000   0.4983    0.6750    32.728   2.297    -1.327    4.236   -19.686    6.677     0.940    5.876
2.5250   1.8000   0.4983    0.8250    59.679   3.378   -13.190    6.679   -40.798   10.964     7.505    8.835
2.5250   1.8000   0.4983    0.9500   125.285   5.543   -31.047    8.584   -15.969   16.910    17.107   17.861
2.5750   1.8000   0.4658   -0.7750     0.138   0.143     0.165    0.276    -0.045    0.548    -0.015    0.062
2.5750   1.8000   0.4658   -0.5250     0.049   0.090     0.067    0.192     0.025    0.270    -0.018    0.103
2.5750   1.8000   0.4658   -0.3000     0.066   0.097     0.002    0.200    -0.013    0.328     0.074    0.247
2.5750   1.8000   0.4658   -0.1000     0.823   0.223    -0.447    0.411     0.115    0.758     0.202    0.653
2.5750   1.8000   0.4658    0.1000     1.813   0.342    -1.593    0.631     0.627    1.067     0.150    0.905
2.5750   1.8000   0.4658    0.3000     3.404   0.455    -1.276    0.814    -0.862    1.552     0.925    1.439
2.5750   1.8000   0.4658    0.5000    11.764   0.865    -2.910    1.497    -3.791    2.885    -0.620    2.719
2.5750   1.8000   0.4658    0.6750    27.487   1.877    -4.234    3.375   -22.766    5.878     9.884    5.634
2.5750   1.8000   0.4658    0.8250    46.040   3.245   -20.288    7.366   -57.145   12.330     2.788    8.377
2.5750   1.8000   0.4658    0.9500    81.911   5.041   -24.800    8.319   -21.410   16.828    15.978   17.373
1.6300   2.6000   0.8055   -0.7750    39.371   2.714   -10.080   3.186     3.433    5.255     2.233   10.879
1.6300   2.6000   0.8055   -0.5250    32.133   2.593     6.547   2.882   -14.066    4.870    11.477    9.247
1.6300   2.6000   0.8055   -0.3000    28.344   2.578     8.043   3.331    22.749    4.320    -3.544    5.799
1.6300   2.6000   0.8055   -0.1000    32.515   2.628    -0.073   2.871    -1.494    4.939     7.284   10.202
1.6300   2.6000   0.8055    0.1000    29.192   2.473    -0.677   2.681     1.028    4.723     8.809    9.764
1.6300   2.6000   0.8055    0.3000    40.419   2.766    -2.197   2.861    -6.408    5.347    -8.085   12.035
1.6300   2.6000   0.8055    0.5000    33.682   2.701    -3.009   2.733    -8.605    5.273    17.057   11.636
1.6300   2.6000   0.8055    0.6750    37.287   3.266    -0.664   3.677     4.234    6.353   -10.895   14.718
1.6300   2.6000   0.8055    0.8250    49.061   3.894    -2.613   3.893   -17.219    7.596    17.311   18.235
1.6300   2.6000   0.8055    0.9500    42.314   5.401     2.906   6.161     0.141   10.405     4.638   20.760
1.6750   2.6000   0.7963   -0.7750    45.333   2.500    -0.773   3.069    11.536    4.603     4.023    8.003
1.6750   2.6000   0.7963   -0.5250    43.424   2.346     4.299   2.909     4.033    4.353     4.118    8.008
1.6750   2.6000   0.7963   -0.3000    39.183   2.253    -0.353   2.720     2.814    4.273    10.878    7.238
1.6750   2.6000   0.7963   -0.1000    46.960   2.450    -7.850   2.654    -7.368    4.787    15.654    9.126
1.6750   2.6000   0.7963    0.1000    48.409   2.509    -9.234   2.676    -1.725    4.876     5.960    9.103
1.6750   2.6000   0.7963    0.3000    49.425   2.420    -7.515   2.600     1.755    4.729    -7.391    8.549
1.6750   2.6000   0.7963    0.5000    57.400   2.443    -3.193   2.524    -7.386    4.810    -6.179    9.447
1.6750   2.6000   0.7963    0.6750    85.619   3.199   -11.506   3.466    -7.243    6.341    20.202   13.642
1.6750   2.6000   0.7963    0.8250   100.910   3.376    -8.186   3.613   -16.455    6.690    29.334   14.702
1.6750   2.6000   0.7963    0.9500   136.575   5.105    -7.654   5.744    -3.391   10.049     0.286   21.136
1.7250   2.6000   0.7804   -0.7750    29.000   1.821    -2.528   2.278    -1.830    3.692     6.613    6.453
1.7250   2.6000   0.7804   -0.5250    29.904   1.622     0.849   2.115     0.042    3.391     8.730    5.669
1.7250   2.6000   0.7804   -0.3000    35.099   1.800    -5.188   2.176    -5.846    3.645    -5.609    6.725
1.7250   2.6000   0.7804   -0.1000    46.460   2.128   -10.934   2.717    -1.458    4.387    10.290    7.630
1.7250   2.6000   0.7804    0.1000    58.272   2.450   -12.842   3.162     2.804    5.096     0.774    8.387
1.7250   2.6000   0.7804    0.3000    68.679   2.840   -16.896   3.278    -7.671    5.693     4.152    9.662
1.7250   2.6000   0.7804    0.5000    99.876   3.189   -22.111   3.483   -10.851    6.384     4.289   11.353
1.7250   2.6000   0.7804    0.6750   112.640   3.448   -11.353   3.914    -2.696    6.920    11.473   12.925
1.7250   2.6000   0.7804    0.8250   166.315   3.794   -12.572   4.330    -6.691    7.632    -1.070   15.733
1.7250   2.6000   0.7804    0.9500   231.812   5.990    -7.657   6.856   -23.009   11.977    -3.239   25.151
1.7750   2.6000   0.7650   -0.7750    13.200   1.389    -2.863   1.877    -3.429    2.968     2.739    4.561
1.7750   2.6000   0.7650   -0.5250    21.431   1.412    -1.744   1.907    -2.967    2.940     5.846    4.642
1.7750   2.6000   0.7650   -0.3000    33.470   1.721    -5.174   2.349     0.696    3.673    15.057    5.700
1.7750   2.6000   0.7650   -0.1000    43.362   1.861   -10.883   2.439     0.536    3.870     6.828    6.238
1.7750   2.6000   0.7650    0.1000    63.916   2.254   -15.366   3.011     5.460    4.785     3.566    7.616
1.7750   2.6000   0.7650    0.3000    87.489   2.890   -13.806   3.876     5.456    6.112     9.747    9.546
1.7750   2.6000   0.7650    0.5000    96.245   2.974   -13.681   3.530    -1.279    6.016    12.578    9.769
1.7750   2.6000   0.7650    0.6750   121.033   3.502    -7.851   3.999     1.985    7.125    16.765   11.837
1.7750   2.6000   0.7650    0.8250   145.349   3.427   -11.448   3.972   -12.470    7.053   -13.820   13.739
1.7750   2.6000   0.7650    0.9500   197.586   5.070    -9.658   6.164     3.697   10.353     4.901   20.479
1.8250   2.6000   0.7481   -0.7750    13.869   1.404     0.359   1.889    -0.073    2.865     4.733    4.366
1.8250   2.6000   0.7481   -0.5250    18.011   1.213    -3.032   1.623    -4.922    2.638     4.350    4.250
1.8250   2.6000   0.7481   -0.3000    31.761   1.819    -3.600   2.719    -1.027    4.088    14.491    5.559
1.8250   2.6000   0.7481   -0.1000    43.899   2.040    -7.806   3.034     4.776    4.634    17.475    6.177
1.8250   2.6000   0.7481    0.1000    51.878   1.903    -9.740   2.567    -0.317    4.122    11.220    6.407
1.8250   2.6000   0.7481    0.3000    73.405   2.340   -13.872   3.251    -0.548    5.245    10.992    8.031
1.8250   2.6000   0.7481    0.5000    79.359   2.710    -9.707   3.554     0.504    5.679    12.466    8.545
1.8250   2.6000   0.7481    0.6750    94.545   3.203    -2.476   3.754    -2.099    6.589    13.147   10.519
1.8250   2.6000   0.7481    0.8250   126.876   3.225    -4.565   3.730    -6.402    6.755     6.678   11.991
1.8250   2.6000   0.7481    0.9500   167.261   4.454   -17.693   5.354   -15.309    9.311    11.543   17.549
1.8750   2.6000   0.7306   -0.7750    16.505   1.291    -0.002   1.571    -5.219    2.724     5.943    4.785
1.8750   2.6000   0.7306   -0.5250    17.378   1.058    -5.197   1.317    -4.688    2.265     6.535    3.589
1.8750   2.6000   0.7306   -0.3000    27.796   1.491    -6.680   1.962    -6.983    3.221     9.477    5.294
1.8750   2.6000   0.7306   -0.1000    32.799   1.747    -8.659   2.556    -2.481    3.919    13.165    5.216
1.8750   2.6000   0.7306    0.1000    48.783   1.913   -11.629   2.801     3.631    4.370    -1.768    5.951
1.8750   2.6000   0.7306    0.3000    57.461   1.908    -8.734   2.570    -0.023    4.223     4.117    6.534
1.8750   2.6000   0.7306    0.5000    82.412   2.671    -4.114   3.840     4.628    5.941     0.532    8.140
1.8750   2.6000   0.7306    0.6750   103.017   3.449    -2.109   4.315     1.109    7.170     9.872   10.841
1.8750   2.6000   0.7306    0.8250   118.169   3.130     4.727   3.764     0.757    6.653     2.551   11.293
1.8750   2.6000   0.7306    0.9500   159.880   4.276    -4.335   5.186   -12.127    9.197    26.673   16.519
1.9250   2.6000   0.7140   -0.7750    15.083   1.204    -1.690   1.558    -0.380    2.632     2.163    4.379
1.9250   2.6000   0.7140   -0.5250    13.246   0.909     1.745   1.174    -1.948    1.957     3.482    3.086
1.9250   2.6000   0.7140   -0.3000    15.998   1.068    -4.071   1.424    -1.316    2.355     4.942    3.636
1.9250   2.6000   0.7140   -0.1000    23.056   1.358    -6.640   1.897    -2.985    3.018     8.154    4.334
1.9250   2.6000   0.7140    0.1000    31.890   1.540   -11.971   2.268    -7.937    3.598     5.847    4.837
1.9250   2.6000   0.7140    0.3000    47.367   1.686    -9.839   2.323    -4.479    3.811     4.216    5.801
1.9250   2.6000   0.7140    0.5000    72.320   2.336     0.598   3.386    10.899    5.222    12.417    6.973
1.9250   2.6000   0.7140    0.6750    82.079   3.043   -16.091   3.959    -2.663    6.459    -3.892    9.289
1.9250   2.6000   0.7140    0.8250   112.721   3.059    -1.728   3.715    -5.693    6.669     7.578   10.692
1.9250   2.6000   0.7140    0.9500   160.958   4.121     0.047   5.140     1.876    9.064    15.898   16.254
1.9750   2.6000   0.6971   -0.7750     8.990   0.867     0.615   1.120    -1.978    1.914     3.425    3.076
1.9750   2.6000   0.6971   -0.5250     6.543   0.584    -1.745   0.569    -6.554    1.338     2.853    1.914
1.9750   2.6000   0.6971   -0.3000     6.322   0.668    -0.704   0.892    -0.930    1.516     0.783    2.317
1.9750   2.6000   0.6971   -0.1000    14.149   1.006    -4.224   1.375    -1.926    2.270     3.441    3.424
1.9750   2.6000   0.6971    0.1000    26.119   1.395    -8.428   1.984    -6.299    3.181     0.772    4.577
1.9750   2.6000   0.6971    0.3000    45.125   1.712    -2.446   2.640    -0.998    4.130     3.908    5.384
1.9750   2.6000   0.6971    0.5000    59.458   1.930    -1.515   2.870    -0.120    4.574    11.846    6.206
1.9750   2.6000   0.6971    0.6750    73.413   3.124    -0.666   4.602     5.403    6.771    -5.070    8.594
1.9750   2.6000   0.6971    0.8250   100.645   3.053    -3.065   3.796    -4.763    6.697    25.281   10.337
1.9750   2.6000   0.6971    0.9500   163.072   3.910    -2.706   5.103    13.009    8.802     4.497   14.746
2.0250   2.6000   0.6805   -0.7750     4.280   0.681     1.240   0.944    -0.230    1.475     0.055    2.266
2.0250   2.6000   0.6805   -0.5250     2.858   0.428     0.000   0.557    -1.150    0.996    -1.120    1.575
2.0250   2.6000   0.6805   -0.3000     5.611   0.666    -1.476   0.848    -2.093    1.535     2.732    2.439
2.0250   2.6000   0.6805   -0.1000    11.527   0.895    -2.640   1.240    -0.964    2.063     0.549    3.144
2.0250   2.6000   0.6805    0.1000    23.298   1.225    -7.029   1.784    -6.852    2.932     0.709    4.125
2.0250   2.6000   0.6805    0.3000    35.607   1.618    -3.631   2.635    -0.988    4.022     1.368    4.595
2.0250   2.6000   0.6805    0.5000    50.819   1.732    -2.076   2.597     0.663    4.141     4.511    5.511
2.0250   2.6000   0.6805    0.6750    61.603   2.665   -10.489   3.990    -6.410    6.199     7.986    7.712
2.0250   2.6000   0.6805    0.8250    86.514   3.046    -0.666   4.081    10.159    6.676     5.162    9.453
2.0250   2.6000   0.6805    0.9500   142.900   3.610    -1.722   4.786     3.772    8.330     0.491   13.757
2.0750   2.6000   0.6613   -0.7750     2.701   0.562     0.794   0.788    -0.376    1.245    -0.349    1.991
2.0750   2.6000   0.6613   -0.5250     1.294   0.326    -0.111   0.427    -0.439    0.769     0.588    1.139
2.0750   2.6000   0.6613   -0.3000     4.604   0.586    -1.274   0.728    -2.042    1.390    -0.428    2.187
2.0750   2.6000   0.6613   -0.1000    12.485   0.864    -4.345   1.212    -0.785    2.048     0.313    2.950
2.0750   2.6000   0.6613    0.1000    18.442   1.040    -4.503   1.546    -1.815    2.546     3.265    3.413
2.0750   2.6000   0.6613    0.3000    26.946   1.393    -4.417   2.263    -1.788    3.481     5.145    3.912
2.0750   2.6000   0.6613    0.5000    42.044   1.583    -3.806   2.470    -1.852    3.940     3.375    4.954
2.0750   2.6000   0.6613    0.6750    56.081   2.695     3.389   4.358     4.637    6.417     3.627    7.046
2.0750   2.6000   0.6613    0.8250    82.116   3.033   -19.375   3.743   -23.405    7.023     8.073    9.965
2.0750   2.6000   0.6613    0.9500   143.163   3.693     5.281   5.118     8.127    8.754    26.272   13.751
2.1250   2.6000   0.6387   -0.7750     0.354   0.267     0.304   0.413     0.194    0.498    -0.117    0.501
2.1250   2.6000   0.6387   -0.5250     0.752   0.230    -0.048   0.307    -0.294    0.580     0.145    0.805
2.1250   2.6000   0.6387   -0.3000     3.734   0.499    -1.144   0.707    -0.206    1.235     0.795    1.729
2.1250   2.6000   0.6387   -0.1000     8.094   0.695    -2.715   0.988    -0.531    1.711     0.015    2.409
2.1250   2.6000   0.6387    0.1000    13.201   0.843    -2.215   1.183    -2.957    2.070     1.228    3.122
2.1250   2.6000   0.6387    0.3000    21.706   1.259    -4.646   2.131    -6.025    3.340     7.386    3.634
2.1250   2.6000   0.6387    0.5000    35.140   1.552    -0.978   2.572     2.387    3.989     5.727    4.357
2.1250   2.6000   0.6387    0.6750    45.683   2.151    -8.020   3.318    -9.836    5.443     4.306    6.647
2.1250   2.6000   0.6387    0.8250    78.838   3.293   -10.737   4.723    -0.242    7.563     6.301    9.323
2.1250   2.6000   0.6387    0.9500   134.541   3.657     7.768   5.133    -3.110    8.906    31.713   13.643
2.1750   2.6000   0.6113   -0.7750     0.594   0.364     0.216   0.550     0.034    0.850    -0.416    1.239
2.1750   2.6000   0.6113   -0.5250     0.923   0.313     0.182   0.414    -0.644    0.768     0.463    1.140
2.1750   2.6000   0.6113   -0.3000     3.519   0.474    -2.565   0.731     1.922    1.192     0.252    1.379
2.1750   2.6000   0.6113   -0.1000     4.399   0.517    -1.900   0.759    -0.057    1.331     0.521    1.733
2.1750   2.6000   0.6113    0.1000     9.821   0.740    -2.617   1.102    -0.632    1.914     0.178    2.587
2.1750   2.6000   0.6113    0.3000    14.293   0.990    -2.115   1.648    -1.546    2.623    -1.018    2.822
2.1750   2.6000   0.6113    0.5000    26.962   1.500    -3.070   2.623     0.847    4.080     1.791    3.908
2.1750   2.6000   0.6113    0.6750    51.668   2.327    -1.583   3.837     0.479    6.135     3.808    6.715
2.1750   2.6000   0.6113    0.8250    68.891   3.176   -21.770   4.552   -16.158    7.776     0.630    9.365
2.1750   2.6000   0.6113    0.9500   133.562   3.835     4.304   5.396   -18.542    9.710    -2.401   14.187
2.2250   2.6000   0.5833   -0.7750     0.389   0.290     0.179   0.454    -0.044    0.739    -0.120    0.853
2.2250   2.6000   0.5833   -0.5250     0.639   0.238     0.010   0.317    -0.587    0.636    -0.492    0.831
2.2250   2.6000   0.5833   -0.3000     2.293   0.395    -1.905   0.620     1.162    1.031     0.394    1.085
2.2250   2.6000   0.5833   -0.1000     3.202   0.476    -0.745   0.750     1.014    1.278    -0.162    1.453
2.2250   2.6000   0.5833    0.1000     6.733   0.605    -1.712   0.934     0.493    1.632    -0.114    1.955
2.2250   2.6000   0.5833    0.3000    12.891   0.903    -4.958   1.450    -1.895    2.460     2.085    2.837
2.2250   2.6000   0.5833    0.5000    25.650   1.589    -4.317   2.968    -8.107    4.620     6.072    4.202
2.2250   2.6000   0.5833    0.6750    36.614   1.793   -13.422   2.809   -13.123    4.928     4.749    5.760
2.2250   2.6000   0.5833    0.8250    56.874   2.777   -26.250   3.711   -37.013    7.301     4.334    8.581
2.2250   2.6000   0.5833    0.9500   118.597   3.882    -2.578   5.469   -24.894   10.219     9.487   14.079
2.2750   2.6000   0.5516   -0.7750     0.775   0.308     0.031   0.557     1.065    0.946     0.126    0.531
2.2750   2.6000   0.5516   -0.5250     0.231   0.171    -0.077   0.251    -0.177    0.515     0.112    0.544
2.2750   2.6000   0.5516   -0.3000     0.999   0.270    -0.590   0.437     0.368    0.765    -0.075    0.864
2.2750   2.6000   0.5516   -0.1000     2.396   0.427    -0.581   0.713     0.778    1.233     0.851    1.265
2.2750   2.6000   0.5516    0.1000     4.809   0.554    -0.646   0.886     0.433    1.572     0.019    1.807
2.2750   2.6000   0.5516    0.3000    10.131   0.794    -3.142   1.307    -0.860    2.266     0.236    2.490
2.2750   2.6000   0.5516    0.5000    21.675   1.539    -1.870   2.883    -2.420    4.475     6.372    3.766
2.2750   2.6000   0.5516    0.6750    38.335   2.064   -12.503   3.534    -7.251    6.011     8.107    6.360
2.2750   2.6000   0.5516    0.8250    61.398   3.647   -12.105   6.167   -16.703    9.443    13.132    9.397
2.2750   2.6000   0.5516    0.9500   117.530   4.260   -17.880   5.975   -30.940   11.962    -1.531   15.396
2.3250   2.6000   0.5195   -0.7750     0.729   0.270    -0.173   0.462     0.088    0.825    -0.128    1.015
2.3250   2.6000   0.5195   -0.5250     0.234   0.202    -0.134   0.339     0.003    0.639    -0.026    0.658
2.3250   2.6000   0.5195   -0.3000     0.624   0.231    -0.264   0.404     0.483    0.699     0.030    0.624
2.3250   2.6000   0.5195   -0.1000     0.981   0.318    -0.856   0.505    -0.365    0.973     0.123    0.854
2.3250   2.6000   0.5195    0.1000     4.808   0.535    -1.022   0.859    -1.038    1.617     2.259    1.836
2.3250   2.6000   0.5195    0.3000     8.456   0.722    -3.285   1.231    -0.772    2.189     2.264    2.387
2.3250   2.6000   0.5195    0.5000    17.416   1.285    -5.884   2.406    -3.177    3.999     3.376    3.476
2.3250   2.6000   0.5195    0.6750    30.511   1.827   -14.937   3.172   -11.423    5.620    -7.633    5.730
2.3250   2.6000   0.5195    0.8250    56.012   4.047    11.490   7.568     4.175   10.562     3.933    8.218
2.3250   2.6000   0.5195    0.9500    97.776   4.176   -14.571   6.324   -13.276   12.506     3.343   13.930
2.3750   2.6000   0.4817   -0.7750     0.548   0.225     0.061   0.391    -0.330    0.748    -0.013    0.681
2.3750   2.6000   0.4817   -0.5250     0.236   0.188    -0.080   0.330    -0.025    0.610     0.205    0.558
2.3750   2.6000   0.4817   -0.3000     0.681   0.275    -0.381   0.459    -0.267    0.892     0.293    0.879
2.3750   2.6000   0.4817   -0.1000     1.729   0.374    -1.099   0.670     0.713    1.194     0.407    1.086
2.3750   2.6000   0.4817    0.1000     2.794   0.461    -1.555   0.776    -0.507    1.495     0.396    1.551
2.3750   2.6000   0.4817    0.3000     7.567   0.677    -3.155   1.183    -1.032    2.209    -1.827    2.152
2.3750   2.6000   0.4817    0.5000    15.531   1.055    -9.746   1.808    -9.053    3.439    -4.069    3.404
2.3750   2.6000   0.4817    0.6750    37.661   2.683     1.095   5.392     2.900    8.582     7.381    6.387
2.3750   2.6000   0.4817    0.8250    55.227   3.387   -17.895   6.080   -43.490   10.793     2.108   10.073
2.3750   2.6000   0.4817    0.9500    93.706   4.669    -4.598   7.637    -0.657   14.867     7.348   14.713
1.6300   3.4500   0.7250   -0.7750    37.260   2.903    -0.282   3.774     8.927    6.083    -6.067    5.587
1.6300   3.4500   0.7250   -0.5250    25.659   2.483     2.919   3.187    -0.365    5.126     1.135    4.032
1.6300   3.4500   0.7250   -0.3000    19.508   2.251    -5.147   2.971     5.737    4.938    -0.365    2.624
1.6300   3.4500   0.7250   -0.1000    25.453   2.682     3.696   3.190    -2.957    5.462     0.774    4.883
1.6300   3.4500   0.7250    0.1000    21.913   2.439     3.734   3.155     8.131    4.927    -0.208    3.535
1.6300   3.4500   0.7250    0.3000    23.373   2.322     0.266   2.935     6.800    4.907    -0.635    3.535
1.6300   3.4500   0.7250    0.5000    25.930   2.638     1.449   3.042    -3.371    5.592    -0.816    5.129
1.6300   3.4500   0.7250    0.6750    24.728   3.056     0.523   3.596    -0.615    6.516     0.694    5.368
1.6300   3.4500   0.7250    0.8250    34.390   3.576    10.772   4.411     1.804    7.583     2.431    6.509
1.6300   3.4500   0.7250    0.9500    30.426   5.044     2.806   6.144    -5.311   10.778     0.423    9.952
1.6750   3.4500   0.7114   -0.7750    27.065   1.967    -3.778   2.584     6.361    4.236     5.013    3.107
1.6750   3.4500   0.7114   -0.5250    29.475   2.227    10.711   3.036     6.336    4.240     2.526    2.732
1.6750   3.4500   0.7114   -0.3000    28.067   2.165     4.741   2.974     6.756    4.589     5.067    2.938
1.6750   3.4500   0.7114   -0.1000    24.452   1.939    -2.744   2.494     5.198    4.122     2.572    2.766
1.6750   3.4500   0.7114    0.1000    23.612   1.928    -0.378   2.365    -0.011    4.126     3.453    2.634
1.6750   3.4500   0.7114    0.3000    32.470   2.214    -4.747   2.270   -17.497    4.859     4.975    3.867
1.6750   3.4500   0.7114    0.5000    41.063   2.350     1.638   2.665    -8.815    5.054     2.964    4.016
1.6750   3.4500   0.7114    0.6750    55.351   2.902     0.353   3.318   -10.554    6.330     6.363    5.192
1.6750   3.4500   0.7114    0.8250    79.395   3.355     1.882   3.804   -21.780    7.383     3.936    6.724
1.6750   3.4500   0.7114    0.9500    97.612   4.649    -1.423   5.911    10.237   10.272   -13.872    8.633
1.7250   3.4500   0.6922   -0.7750    20.643   1.787     2.571   2.491    -1.455    3.955     3.017    2.914
1.7250   3.4500   0.6922   -0.5250    17.758   1.360    -2.225   1.870     2.237    3.076     4.402    1.952
1.7250   3.4500   0.6922   -0.3000    22.842   1.610    -4.966   2.257    -2.174    3.796     2.284    2.465
1.7250   3.4500   0.6922   -0.1000    27.198   1.882    -4.192   2.806     3.436    4.532     8.248    2.649
1.7250   3.4500   0.6922    0.1000    36.398   2.287    -5.581   3.230     2.263    5.246     6.729    3.112
1.7250   3.4500   0.6922    0.3000    50.357   2.781    -5.512   3.478   -12.288    6.208     7.999    4.390
1.7250   3.4500   0.6922    0.5000    55.777   2.553    -6.435   3.149     0.642    5.722     0.933    3.805
1.7250   3.4500   0.6922    0.6750    76.504   3.070    -2.334   3.787     4.200    6.894     0.568    5.083
1.7250   3.4500   0.6922    0.8250   105.541   3.356    -5.197   3.891   -21.437    7.600    13.064    6.166
1.7250   3.4500   0.6922    0.9500   123.725   4.855    14.869   6.134     3.554   11.018     8.448    8.202
1.7750   3.4500   0.6741   -0.7750     7.083   0.989    -4.215   1.313    -1.696    2.261     2.059    1.481
1.7750   3.4500   0.6741   -0.5250    13.132   1.136    -7.055   1.593    -1.890    2.594     2.126    1.774
1.7750   3.4500   0.6741   -0.3000    22.988   1.595    -3.884   2.486     5.516    3.959     6.823    2.290
1.7750   3.4500   0.6741   -0.1000    31.919   1.805    -6.837   2.581    -0.016    4.269     6.259    2.916
1.7750   3.4500   0.6741    0.1000    36.964   1.952   -10.091   2.688    -5.159    4.614     0.035    2.770
1.7750   3.4500   0.6741    0.3000    46.646   2.352   -12.613   3.148    -9.602    5.432     5.685    3.355
1.7750   3.4500   0.6741    0.5000    67.039   3.007     0.374   4.162     3.592    6.607     4.833    4.161
1.7750   3.4500   0.6741    0.6750    69.173   2.798    -3.546   3.543     5.650    6.456     6.148    4.358
1.7750   3.4500   0.6741    0.8250    90.728   2.949     0.344   3.643     2.618    6.837    -1.943    5.070
1.7750   3.4500   0.6741    0.9500   147.246   5.487   -12.010   6.011   -55.403   12.811    12.841   10.174
1.8250   3.4500   0.6506   -0.7750     9.782   1.298     0.159   1.842    -6.398    3.098     1.870    2.323
1.8250   3.4500   0.6506   -0.5250    13.441   1.263    -3.694   2.003     0.086    3.198     1.681    1.701
1.8250   3.4500   0.6506   -0.3000    19.194   1.589    -7.198   2.556     0.000    4.067     3.986    2.068
1.8250   3.4500   0.6506   -0.1000    25.131   1.613   -10.161   2.514     2.326    4.058     3.664    2.178
1.8250   3.4500   0.6506    0.1000    31.979   1.696    -6.787   2.409    -6.602    4.176     4.192    2.648
1.8250   3.4500   0.6506    0.3000    47.576   2.324    -2.496   3.551     6.292    5.737    -0.465    3.091
1.8250   3.4500   0.6506    0.5000    56.103   2.772    -5.358   4.113    -3.325    6.535     6.786    3.784
1.8250   3.4500   0.6506    0.6750    64.994   3.059     0.830   4.082    -1.623    7.137     5.682    4.779
1.8250   3.4500   0.6506    0.8250    81.481   2.952     0.595   3.760     2.557    7.088    -4.273    4.937
1.8250   3.4500   0.6506    0.9500   120.970   4.584     1.332   5.733   -15.471   11.059     1.901    7.687
1.8750   3.4500   0.6308   -0.7750    10.568   1.194    -1.555   1.793     3.361    2.962     0.889    1.606
1.8750   3.4500   0.6308   -0.5250    13.254   1.073    -2.898   1.533    -5.252    2.691     3.627    1.871
1.8750   3.4500   0.6308   -0.3000    18.058   1.457    -3.863   2.272     5.239    3.626     4.805    1.937
1.8750   3.4500   0.6308   -0.1000    21.099   1.680    -1.006   2.710     7.446    4.140     4.737    1.803
1.8750   3.4500   0.6308    0.1000    31.125   1.722    -3.632   2.679    -4.174    4.435     0.533    2.644
1.8750   3.4500   0.6308    0.3000    35.537   1.799    -5.764   2.707     1.715    4.523     4.109    2.506
1.8750   3.4500   0.6308    0.5000    49.873   2.462    -7.826   3.820    -0.408    6.043     5.234    3.259
1.8750   3.4500   0.6308    0.6750    53.015   2.771   -11.367   3.947    -4.666    6.867     4.855    3.825
1.8750   3.4500   0.6308    0.8250    75.303   2.938    -2.999   4.051    15.568    7.300     2.788    4.631
1.8750   3.4500   0.6308    0.9500   115.977   4.439    -7.897   5.911   -11.200   10.902     0.988    7.367
1.9250   3.4500   0.6053   -0.7750     7.463   0.949    -0.664   1.319    -2.690    2.453     1.302    1.522
1.9250   3.4500   0.6053   -0.5250     9.449   0.885    -2.898   1.196    -5.852    2.286     2.646    1.541
1.9250   3.4500   0.6053   -0.3000    10.784   1.075    -2.601   1.689     2.021    2.789     3.015    1.575
1.9250   3.4500   0.6053   -0.1000    15.014   1.360    -4.177   2.314     1.545    3.743     1.011    1.745
1.9250   3.4500   0.6053    0.1000    17.631   1.272    -9.834   1.931    -7.076    3.311     1.492    1.731
1.9250   3.4500   0.6053    0.3000    31.705   1.746    -0.482   2.845     2.799    4.669     3.350    2.383
1.9250   3.4500   0.6053    0.5000    40.961   2.197    -4.103   3.693     7.956    5.844     1.723    2.540
1.9250   3.4500   0.6053    0.6750    56.184   3.390    -1.134   5.368    -5.593    8.356     8.327    4.262
1.9250   3.4500   0.6053    0.8250    78.837   3.286    -7.946   4.544    -2.345    8.505     4.775    5.166
1.9250   3.4500   0.6053    0.9500   111.644   4.318    12.799   6.058   -16.059   11.225    10.582    6.982
1.9750   3.4500   0.5833   -0.7750     7.111   0.926     1.625   1.396    -1.142    2.403     3.048    1.593
1.9750   3.4500   0.5833   -0.5250     5.336   0.678     1.120   1.040    -1.384    1.817     1.856    1.159
1.9750   3.4500   0.5833   -0.3000     5.659   0.810    -0.661   1.294     0.689    2.197     2.207    1.155
1.9750   3.4500   0.5833   -0.1000     8.281   0.891    -5.158   1.355    -0.638    2.384     1.616    1.251
1.9750   3.4500   0.5833    0.1000    14.399   1.289    -5.168   2.111    -2.151    3.446    -0.229    1.567
1.9750   3.4500   0.5833    0.3000    26.996   1.687    -1.069   3.052     2.627    4.937     0.999    2.079
1.9750   3.4500   0.5833    0.5000    41.733   2.102    -1.371   3.514     2.266    5.734     5.576    2.823
1.9750   3.4500   0.5833    0.6750    48.635   3.117   -10.168   5.067     0.304    8.119     9.498    3.935
1.9750   3.4500   0.5833    0.8250    65.523   3.225    -1.538   4.711     1.540    8.401     3.030    4.520
1.9750   3.4500   0.5833    0.9500   107.687   4.101    15.363   6.222     6.812   11.068     2.585    6.236
2.0250   3.4500   0.5616   -0.7750     1.617   0.454    -0.697   0.649    -1.158    1.350     0.259    0.651
2.0250   3.4500   0.5616   -0.5250     1.926   0.448     0.288   0.617    -1.993    1.259     0.093    0.795
2.0250   3.4500   0.5616   -0.3000     4.117   0.709     0.193   1.134     0.415    1.930     1.925    1.131
2.0250   3.4500   0.5616   -0.1000     8.599   0.904    -5.241   1.444     1.535    2.504     0.386    1.294
2.0250   3.4500   0.5616    0.1000    14.918   1.273    -3.924   2.160    -0.423    3.570     2.664    1.639
2.0250   3.4500   0.5616    0.3000    25.063   1.745    -1.828   3.278     1.966    5.210     1.451    2.121
2.0250   3.4500   0.5616    0.5000    34.797   1.788    -5.319   3.043    -4.129    5.167     2.177    2.612
2.0250   3.4500   0.5616    0.6750    44.817   2.922   -14.607   4.912   -15.461    8.248     2.553    3.914
2.0250   3.4500   0.5616    0.8250    58.826   3.290    -4.024   4.749   -10.945    8.654     4.099    4.729
2.0250   3.4500   0.5616    0.9500   104.248   4.061     5.120   6.085   -15.887   11.294    13.125    6.548
2.0750   3.4500   0.5394   -0.7750     0.925   0.328     0.359   0.442    -0.901    0.915     0.245    0.510
2.0750   3.4500   0.5394   -0.5250     1.070   0.363     0.190   0.551    -0.561    1.045    -0.034    0.638
2.0750   3.4500   0.5394   -0.3000     3.948   0.648    -2.833   1.079     0.546    1.904    -0.011    1.004
2.0750   3.4500   0.5394   -0.1000     7.874   0.775    -4.790   1.264     1.990    2.244     1.409    1.215
2.0750   3.4500   0.5394    0.1000    11.237   0.988    -4.413   1.664    -0.962    2.895     2.381    1.458
2.0750   3.4500   0.5394    0.3000    15.877   1.242    -5.957   2.268    -7.533    3.776     2.004    1.655
2.0750   3.4500   0.5394    0.5000    28.871   1.680    -3.129   3.092     1.575    5.161     4.868    2.181
2.0750   3.4500   0.5394    0.6750    34.334   2.467   -10.957   4.367    -8.543    7.424     3.142    3.139
2.0750   3.4500   0.5394    0.8250    55.378   3.348    -8.586   5.253    -9.330    9.211     2.703    4.651
2.0750   3.4500   0.5394    0.9500    94.972   3.881    -3.165   5.752   -31.615   11.215     1.507    6.262
2.1250   3.4500   0.5145   -0.7750     0.427   0.348     0.296   0.596     0.018    0.915    -0.039    0.520
2.1250   3.4500   0.5145   -0.5250     1.203   0.370    -0.540   0.466    -1.523    1.121    -0.098    0.535
2.1250   3.4500   0.5145   -0.3000     3.337   0.541    -2.584   0.887     0.410    1.650     0.432    0.987
2.1250   3.4500   0.5145   -0.1000     4.832   0.617    -2.904   1.037     1.112    1.879     1.828    0.965
2.1250   3.4500   0.5145    0.1000     9.140   0.857    -2.008   1.471    -0.823    2.621     2.181    1.368
2.1250   3.4500   0.5145    0.3000    14.235   1.298    -0.419   2.462     3.315    3.868     1.949    1.359
2.1250   3.4500   0.5145    0.5000    20.903   1.364    -8.446   2.444    -4.016    4.254     4.435    1.876
2.1250   3.4500   0.5145    0.6750    32.551   2.338    -8.005   4.173   -10.528    7.268     3.422    3.158
2.1250   3.4500   0.5145    0.8250    46.172   3.141   -16.539   5.167   -12.498    9.181     0.971    3.903
2.1250   3.4500   0.5145    0.9500    97.694   4.201     2.283   6.477   -22.620   12.606     5.184    6.462
2.1750   3.4500   0.4841   -0.7750     0.154   0.205     0.116   0.334    -0.159    0.602     0.001    0.109
2.1750   3.4500   0.4841   -0.5250     0.642   0.296     0.240   0.494    -0.452    0.927     0.150    0.544
2.1750   3.4500   0.4841   -0.3000     3.156   0.550    -1.388   1.023     4.388    1.796    -0.102    0.760
2.1750   3.4500   0.4841   -0.1000     3.127   0.530    -0.720   0.914     0.150    1.720    -0.438    0.848
2.1750   3.4500   0.4841    0.1000     5.839   0.700    -1.622   1.213    -1.138    2.269     1.316    1.069
2.1750   3.4500   0.4841    0.3000    10.712   1.037    -4.361   1.981    -2.237    3.437     2.167    1.351
2.1750   3.4500   0.4841    0.5000    18.979   1.534    -4.773   3.084    -3.688    5.219    -0.891    1.906
2.1750   3.4500   0.4841    0.6750    31.689   2.169   -12.865   3.841   -19.205    7.220     2.165    3.121
2.1750   3.4500   0.4841    0.8250    43.207   3.456   -17.440   5.991   -12.606   10.356     3.399    4.096
2.1750   3.4500   0.4841    0.9500    92.494   4.465    -2.974   6.621   -47.008   14.161     9.222    6.660
