1.6950   1.8000   0.8601   -0.7750    8.016   2.970    -0.773    3.573     1.630    5.419     2.856   10.054
1.6950   1.8000   0.8601   -0.5250    8.937   3.013    -3.794    3.023    -1.830    5.706    10.379    9.967
1.6950   1.8000   0.8601   -0.3000    9.846   2.788     1.092    2.787    -5.333    4.952     1.303    8.923
1.6950   1.8000   0.8601   -0.1000    8.224   2.735     0.416    3.395     6.001    4.890    -2.908    6.869
1.6950   1.8000   0.8601    0.1000   11.948   3.714     0.499    4.072    -2.914    6.770     6.195   14.759
1.6950   1.8000   0.8601    0.3000    8.306   2.875    -0.686    2.917    -2.515    5.298     0.351   10.476
1.6950   1.8000   0.8601    0.5000   10.653   3.864     5.413    4.744     5.666    6.038    -1.115    9.144
1.6950   1.8000   0.8601    0.6750    2.800   4.116     0.445    4.462    -0.206    7.230    -1.410   15.889
1.6950   1.8000   0.8601    0.8250    0.225   3.834     0.010    4.540     0.007    7.006    -0.030   11.319
1.6950   1.8000   0.8601    0.9500    6.004   6.362    -2.013    7.504    -1.057   11.287    -0.560   17.879
1.7250   1.8000   0.8493   -0.7750   16.120   2.091     0.434    2.208    -4.228    3.764    -1.853    7.852
1.7250   1.8000   0.8493   -0.5250   21.473   2.201     2.013    2.313   -10.145    4.045     2.664    7.340
1.7250   1.8000   0.8493   -0.3000   20.363   2.201     0.061    2.311    -4.615    3.950     3.364    7.574
1.7250   1.8000   0.8493   -0.1000   17.740   2.245    -3.039    2.360    -2.137    4.122     4.116    7.444
1.7250   1.8000   0.8493    0.1000   19.328   2.404     2.369    2.589    -3.907    4.416     0.690    7.365
1.7250   1.8000   0.8493    0.3000   14.496   2.184     1.090    2.472     3.725    3.865    -1.097    6.109
1.7250   1.8000   0.8493    0.5000   16.199   2.137     0.686    2.053    -5.406    3.892    -2.027    7.836
1.7250   1.8000   0.8493    0.6750   23.427   2.645     1.015    2.766    -4.316    4.870     5.354    9.979
1.7250   1.8000   0.8493    0.8250   29.594   3.062    -1.906    3.573     5.642    5.679   -14.071   10.833
1.7250   1.8000   0.8493    0.9500   26.596   4.018     2.412    4.418    -3.735    7.396    -7.707   14.669
1.7750   1.8000   0.8380   -0.7750   11.699   2.098    -0.511    2.125    -7.618    4.022     1.081    7.365
1.7750   1.8000   0.8380   -0.5250   20.166   1.978    -0.296    2.213    -9.096    3.835    10.678    6.915
1.7750   1.8000   0.8380   -0.3000   29.151   2.298    -2.119    2.547   -17.004    4.541     7.781    8.390
1.7750   1.8000   0.8380   -0.1000   22.599   2.282     1.294    2.891    -2.749    4.666    13.324    7.267
1.7750   1.8000   0.8380    0.1000   29.589   2.569    -2.335    3.008    -6.983    4.970     2.532    8.539
1.7750   1.8000   0.8380    0.3000   26.785   2.762    -2.240    3.166    -0.645    5.036    -0.458    7.968
1.7750   1.8000   0.8380    0.5000   29.365   2.856    -1.803    2.760    -2.682    5.117    -4.769    8.440
1.7750   1.8000   0.8380    0.6750   41.589   3.070    -0.434    3.255     1.271    5.651     8.186   10.539
1.7750   1.8000   0.8380    0.8250   41.308   2.762     1.467    3.130     1.540    5.182     0.580   10.019
1.7750   1.8000   0.8380    0.9500   28.304   3.632     2.547    4.298     4.741    6.823     4.328   12.228
1.8250   1.8000   0.8250   -0.7750   17.230   2.555     3.377    3.315    -2.538    4.733     9.100    7.984
1.8250   1.8000   0.8250   -0.5250   19.812   2.127     3.666    2.927    -7.450    4.198    -1.000    6.239
1.8250   1.8000   0.8250   -0.3000   37.003   2.865     7.777    4.077   -15.883    5.772    -7.460    7.750
1.8250   1.8000   0.8250   -0.1000   45.611   2.451    -5.540    2.975   -13.692    4.894    -4.826    7.974
1.8250   1.8000   0.8250    0.1000   50.326   2.500     0.276    2.965   -10.932    4.897    10.586    8.113
1.8250   1.8000   0.8250    0.3000   50.443   2.801    -1.586    3.428    -8.727    5.557     8.941    8.874
1.8250   1.8000   0.8250    0.5000   54.827   3.342    -6.628    3.763   -12.065    6.383     8.889   10.823
1.8250   1.8000   0.8250    0.6750   46.043   3.397    -9.308    3.384    -3.921    6.358    -8.872    9.778
1.8250   1.8000   0.8250    0.8250   41.922   2.656    -2.395    2.970    -1.916    5.054     6.218    9.753
1.8250   1.8000   0.8250    0.9500   49.626   3.454     3.942    4.014     0.400    6.588    -0.262   12.640
1.8750   1.8000   0.8128   -0.7750    9.084   1.862     1.545    1.998    -4.997    3.484     2.409    6.390
1.8750   1.8000   0.8128   -0.5250   21.604   1.807     5.580    2.114    -8.396    3.331     1.439    5.614
1.8750   1.8000   0.8128   -0.3000   37.703   2.494     7.683    3.295   -13.527    4.880     1.931    7.495
1.8750   1.8000   0.8128   -0.1000   48.185   2.749     2.348    3.853   -19.607    5.689    -7.583    7.799
1.8750   1.8000   0.8128    0.1000   59.340   2.563    -6.746    3.206   -22.593    5.205    -2.097    8.432
1.8750   1.8000   0.8128    0.3000   56.455   2.498    -4.001    3.263    -5.812    5.265    -0.640    8.060
1.8750   1.8000   0.8128    0.5000   53.927   2.811    -6.553    3.490   -12.170    5.708    -3.353    8.998
1.8750   1.8000   0.8128    0.6750   41.248   3.373    -2.689    3.646    -2.157    6.206    -1.380    9.571
1.8750   1.8000   0.8128    0.8250   37.447   2.610    -4.596    2.949     0.841    5.026    -1.100    8.829
1.8750   1.8000   0.8128    0.9500   42.417   3.133    -2.014    3.660    -4.177    6.046    13.190   11.754
1.9250   1.8000   0.7996   -0.7750   10.176   1.617     3.079    1.920    -4.079    3.082     2.234    5.339
1.9250   1.8000   0.7996   -0.5250   20.921   1.530     6.025    1.595   -13.603    2.883     2.635    4.787
1.9250   1.8000   0.7996   -0.3000   26.143   1.679    -0.606    1.808   -15.367    3.294    -0.689    5.823
1.9250   1.8000   0.7996   -0.1000   43.889   2.301     3.817    3.006   -11.698    4.599     1.473    7.285
1.9250   1.8000   0.7996    0.1000   44.402   2.441    -2.914    3.593    -9.428    5.261     8.014    6.602
1.9250   1.8000   0.7996    0.3000   41.583   2.058    -5.096    2.719    -7.001    4.322    -0.484    6.597
1.9250   1.8000   0.7996    0.5000   40.766   2.229    -2.747    2.956    -2.663    4.727     4.450    7.046
1.9250   1.8000   0.7996    0.6750   40.019   3.137    -3.822    3.691    -1.603    5.966    13.265    9.226
1.9250   1.8000   0.7996    0.8250   32.714   2.471    -5.118    2.668    -1.511    4.857     8.603    8.435
1.9250   1.8000   0.7996    0.9500   37.389   2.926    -2.615    3.468    -2.922    5.755    -1.939   10.812
1.9750   1.8000   0.7836   -0.7750   10.675   1.362    -1.240    1.724     1.124    2.697     4.099    4.441
1.9750   1.8000   0.7836   -0.5250   11.300   1.092     3.467    1.270    -4.071    2.045     1.554    3.537
1.9750   1.8000   0.7836   -0.3000   17.448   1.333    -1.609    1.483    -7.785    2.672     2.639    4.609
1.9750   1.8000   0.7836   -0.1000   26.854   1.662     3.365    2.129    -4.591    3.378     2.675    5.435
1.9750   1.8000   0.7836    0.1000   28.620   1.970    -0.964    2.813    -6.064    4.150     1.793    5.671
1.9750   1.8000   0.7836    0.3000   34.674   2.034    -6.145    2.850    -0.850    4.329    -1.077    5.733
1.9750   1.8000   0.7836    0.5000   40.492   2.039    -4.407    2.724     5.704    4.303    -2.579    6.252
1.9750   1.8000   0.7836    0.6750   37.591   2.894    -5.569    3.908     3.253    6.006     2.261    8.125
1.9750   1.8000   0.7836    0.8250   40.048   2.738    -7.451    3.034     0.686    5.426     1.328    8.903
1.9750   1.8000   0.7836    0.9500   56.416   3.117    -7.195    3.765     4.022    6.266    14.136   10.851
2.0250   1.8000   0.7683   -0.7750    5.891   1.049    -1.036    1.334    -0.180    2.140     0.862    3.583
2.0250   1.8000   0.7683   -0.5250    4.777   0.740     1.368    0.905    -0.781    1.403     1.487    2.290
2.0250   1.8000   0.7683   -0.3000    7.986   0.920    -0.113    1.031    -3.874    1.875     0.227    3.202
2.0250   1.8000   0.7683   -0.1000   12.308   1.141     0.710    1.359    -2.927    2.297    -0.143    3.773
2.0250   1.8000   0.7683    0.1000   18.887   1.462    -0.850    1.886    -3.275    2.943    -0.551    4.425
2.0250   1.8000   0.7683    0.3000   25.352   1.736    -5.978    2.542     0.918    3.798    -3.065    4.676
2.0250   1.8000   0.7683    0.5000   33.235   1.770    -4.600    2.444     1.530    3.854    -0.093    5.542
2.0250   1.8000   0.7683    0.6750   39.436   2.588    -6.625    3.439    -0.158    5.435     2.089    7.807
2.0250   1.8000   0.7683    0.8250   40.361   2.829    -4.050    3.514    13.194    5.511     3.777    7.055
2.0250   1.8000   0.7683    0.9500   67.573   3.160    -8.358    3.832     5.265    6.446     8.209   11.165
2.0750   1.8000   0.7489   -0.7750    4.295   0.823     0.503    1.107     1.312    1.653     1.326    2.389
2.0750   1.8000   0.7489   -0.5250    2.766   0.553     0.747    0.706     0.168    1.070     1.584    1.512
2.0750   1.8000   0.7489   -0.3000    4.155   0.739     0.186    0.896    -1.131    1.525     0.879    2.317
2.0750   1.8000   0.7489   -0.1000    9.414   0.954    -1.426    1.112    -3.096    2.001    -3.090    3.264
2.0750   1.8000   0.7489    0.1000   13.520   1.186    -2.135    1.550    -1.229    2.488    -3.318    3.664
2.0750   1.8000   0.7489    0.3000   20.685   1.592    -6.510    2.340    -1.963    3.567    -1.557    4.380
2.0750   1.8000   0.7489    0.5000   27.832   1.671    -7.879    2.339    -2.209    3.676     3.153    5.182
2.0750   1.8000   0.7489    0.6750   28.186   2.159    -6.376    3.022     6.334    4.694     1.699    5.904
2.0750   1.8000   0.7489    0.8250   36.791   2.891    -8.123    3.509     3.874    5.705     1.468    8.105
2.0750   1.8000   0.7489    0.9500   58.406   2.983    -8.038    3.647     4.464    6.228    -2.881   10.521
2.1250   1.8000   0.7287   -0.7750    4.425   0.818     0.429    1.086     0.371    1.723    -0.876    2.646
2.1250   1.8000   0.7287   -0.5250    1.727   0.469     0.242    0.597    -0.212    0.980     0.089    1.445
2.1250   1.8000   0.7287   -0.3000    3.406   0.716    -0.470    0.920    -0.202    1.547     0.609    2.324
2.1250   1.8000   0.7287   -0.1000    5.654   0.824     1.124    1.095     0.169    1.734    -0.058    2.340
2.1250   1.8000   0.7287    0.1000   10.875   1.034    -1.572    1.403     0.559    2.259    -0.971    3.086
2.1250   1.8000   0.7287    0.3000   13.781   1.320    -2.808    1.897    -1.444    2.951     0.432    3.822
2.1250   1.8000   0.7287    0.5000   16.800   1.624    -2.411    2.491     1.617    3.783     0.865    4.104
2.1250   1.8000   0.7287    0.6750   23.003   2.050    -3.402    2.866     1.039    4.541     5.921    5.848
2.1250   1.8000   0.7287    0.8250   24.940   2.977    -4.484    4.028     2.122    6.134     1.095    7.616
2.1250   1.8000   0.7287    0.9500   45.220   2.972    -3.723    3.719     0.998    6.411     9.374   10.383
2.1750   1.8000   0.7042   -0.7750    4.541   0.729     0.279    0.988    -0.486    1.616     1.486    2.413
2.1750   1.8000   0.7042   -0.5250    3.572   0.549    -0.232    0.732    -0.055    1.226     0.072    1.783
2.1750   1.8000   0.7042   -0.3000    3.434   0.673    -0.319    0.915     0.276    1.496     1.059    2.097
2.1750   1.8000   0.7042   -0.1000    4.808   0.768    -0.877    0.955    -1.397    1.714    -1.373    2.514
2.1750   1.8000   0.7042    0.1000    9.832   1.017    -2.249    1.356    -0.658    2.269    -2.298    3.238
2.1750   1.8000   0.7042    0.3000   10.841   1.210    -1.372    1.672    -1.760    2.678     1.667    3.714
2.1750   1.8000   0.7042    0.5000   15.196   1.764    -2.273    2.795     0.271    4.205     0.114    4.181
2.1750   1.8000   0.7042    0.6750   14.648   1.904    -0.529    2.790    -0.530    4.403     0.765    5.338
2.1750   1.8000   0.7042    0.8250   24.623   3.357    -4.392    4.683     0.395    7.056    -0.364    8.619
2.1750   1.8000   0.7042    0.9500   34.631   3.056    -3.635    4.012     3.585    6.823     4.066   10.177
2.2250   1.8000   0.6791   -0.7750    4.687   0.684    -0.310    0.996     1.838    1.579     0.666    1.972
2.2250   1.8000   0.6791   -0.5250    4.310   0.531     0.635    0.759     1.527    1.190     0.339    1.659
2.2250   1.8000   0.6791   -0.3000    3.566   0.637     0.339    0.910     0.935    1.442    -0.193    1.897
2.2250   1.8000   0.6791   -0.1000    3.838   0.677    -0.982    0.951     0.613    1.565    -0.523    2.046
2.2250   1.8000   0.6791    0.1000   10.043   0.964    -1.170    1.377     3.226    2.220    -0.388    2.918
2.2250   1.8000   0.6791    0.3000    9.197   1.096    -1.334    1.592     1.025    2.553    -0.016    3.146
2.2250   1.8000   0.6791    0.5000   11.283   1.653    -1.240    2.641    -1.499    3.964     2.709    4.025
2.2250   1.8000   0.6791    0.6750   15.278   1.970    -2.743    3.040    -4.022    4.931     4.188    5.776
2.2250   1.8000   0.6791    0.8250   26.659   3.626     1.790    5.409     8.530    7.407    -1.894    7.838
2.2250   1.8000   0.6791    0.9500   36.924   3.256    -2.022    4.435     2.910    7.515     2.615   10.461
2.2750   1.8000   0.6516   -0.7750    3.763   0.556     0.122    0.789    -0.177    1.335    -0.669    1.793
2.2750   1.8000   0.6516   -0.5250    3.012   0.435    -0.558    0.606     0.009    1.060     1.433    1.447
2.2750   1.8000   0.6516   -0.3000    2.366   0.526    -0.496    0.768     0.501    1.286    -0.578    1.558
2.2750   1.8000   0.6516   -0.1000    2.920   0.632    -0.340    0.891    -0.376    1.531     0.520    2.001
2.2750   1.8000   0.6516    0.1000    5.164   0.778    -0.405    1.137     1.659    1.864    -0.482    2.314
2.2750   1.8000   0.6516    0.3000    8.003   1.010    -1.808    1.479     0.870    2.438    -0.430    3.021
2.2750   1.8000   0.6516    0.5000    9.508   1.407    -2.641    2.228    -2.690    3.472     1.861    3.742
2.2750   1.8000   0.6516    0.6750   17.389   1.996    -3.776    3.288    -4.149    5.299     6.494    5.626
2.2750   1.8000   0.6516    0.8250   28.658   3.069    -8.796    4.738    -1.726    7.640     3.365    8.081
2.2750   1.8000   0.6516    0.9500   56.386   3.790    -2.529    5.141    -1.268    8.938     1.269   12.437
2.3250   1.8000   0.6210   -0.7750    2.615   0.504    -0.164    0.763     0.374    1.275     0.226    1.523
2.3250   1.8000   0.6210   -0.5250    2.187   0.412     0.482    0.624     0.831    0.997    -1.113    1.162
2.3250   1.8000   0.6210   -0.3000    2.477   0.489    -0.479    0.732     0.588    1.242    -1.171    1.459
2.3250   1.8000   0.6210   -0.1000    2.930   0.561    -0.633    0.814    -0.197    1.427     0.379    1.754
2.3250   1.8000   0.6210    0.1000    3.351   0.630    -0.752    0.962     1.004    1.613    -0.521    1.793
2.3250   1.8000   0.6210    0.3000    6.600   0.903    -1.515    1.344    -0.052    2.285    -0.482    2.747
2.3250   1.8000   0.6210    0.5000   10.258   1.298    -2.949    1.946    -6.501    3.273     2.293    3.890
2.3250   1.8000   0.6210    0.6750   17.844   2.229    -2.119    3.798    -5.963    5.992     2.646    5.984
2.3250   1.8000   0.6210    0.8250   34.089   2.988   -12.766    4.240   -18.203    7.626     5.358    8.952
2.3250   1.8000   0.6210    0.9500   52.880   3.975    -8.840    5.225   -10.067    9.867     2.471   13.386
2.3750   1.8000   0.5907   -0.7750    1.679   0.390     0.123    0.622     0.063    1.074    -0.248    1.185
2.3750   1.8000   0.5907   -0.5250    2.056   0.414     0.363    0.637     0.235    1.080     0.844    1.334
2.3750   1.8000   0.5907   -0.3000    1.394   0.396    -0.514    0.577    -0.525    1.082    -1.243    1.298
2.3750   1.8000   0.5907   -0.1000    1.558   0.474    -0.371    0.722     0.047    1.263    -0.476    1.533
2.3750   1.8000   0.5907    0.1000    2.038   0.559    -0.614    0.863     0.490    1.487     0.166    1.708
2.3750   1.8000   0.5907    0.3000    4.813   0.791    -1.027    1.207    -0.477    2.104     1.225    2.488
2.3750   1.8000   0.5907    0.5000    8.055   1.153    -3.065    1.724    -5.138    3.054     3.948    3.621
2.3750   1.8000   0.5907    0.6750   23.389   2.705    -0.171    5.180    -1.629    7.869    -2.418    6.211
2.3750   1.8000   0.5907    0.8250   30.035   2.962    -9.065    4.532   -14.249    7.803     0.761    8.487
2.3750   1.8000   0.5907    0.9500   49.610   4.117   -10.323    5.618    -8.493   10.756     1.093   13.584
2.4250   1.8000   0.5588   -0.7750    2.449   0.407     0.483    0.558    -2.679    1.141    -0.161    1.391
2.4250   1.8000   0.5588   -0.5250    2.245   0.347     0.125    0.563     0.741    0.966    -0.292    1.142
2.4250   1.8000   0.5588   -0.3000    1.784   0.380    -0.619    0.626     0.577    1.093    -0.937    1.097
2.4250   1.8000   0.5588   -0.1000    1.493   0.411    -0.681    0.659     0.208    1.158    -0.080    1.312
2.4250   1.8000   0.5588    0.1000    1.689   0.498    -0.655    0.789     0.008    1.394     0.034    1.554
2.4250   1.8000   0.5588    0.3000    5.361   0.788    -1.213    1.270    -0.045    2.218     2.214    2.480
2.4250   1.8000   0.5588    0.5000    7.019   1.010    -3.673    1.546    -3.779    2.842    -1.026    3.204
2.4250   1.8000   0.5588    0.6750   21.975   2.383    -4.276    4.467    -3.746    6.989    -0.023    5.536
2.4250   1.8000   0.5588    0.8250   28.016   3.006    -5.707    4.906   -11.930    8.270     1.042    8.493
2.4250   1.8000   0.5588    0.9500   44.895   4.358   -13.196    6.240    -7.545   12.143     0.407   14.405
2.4750   1.8000   0.5289   -0.7750    2.354   0.385    -0.039    0.565    -2.349    1.152    -0.217    1.465
2.4750   1.8000   0.5289   -0.5250    1.298   0.257     0.088    0.414    -0.273    0.764     0.537    0.780
2.4750   1.8000   0.5289   -0.3000    0.946   0.292    -0.446    0.497     0.132    0.900     0.630    0.963
2.4750   1.8000   0.5289   -0.1000    0.518   0.312    -0.264    0.513    -0.064    0.949     0.021    1.013
2.4750   1.8000   0.5289    0.1000    1.947   0.428    -0.818    0.734     0.145    1.320     0.623    1.374
2.4750   1.8000   0.5289    0.3000    1.931   0.587    -0.161    0.985     0.132    1.734     0.609    1.750
2.4750   1.8000   0.5289    0.5000    8.971   1.077    -0.701    1.755    -4.259    3.112    -1.150    3.329
2.4750   1.8000   0.5289    0.6750   18.552   2.251    -2.810    4.213    -9.589    6.643     2.403    5.788
2.4750   1.8000   0.5289    0.8250   26.883   2.679    -9.582    4.604   -15.001    8.027     1.122    7.971
2.4750   1.8000   0.5289    0.9500   48.954   4.582   -14.720    6.217   -20.773   13.299     2.687   14.878
2.5250   1.8000   0.4983   -0.7750    1.773   0.312     0.338    0.521    -0.992    0.986    -0.711    0.968
2.5250   1.8000   0.4983   -0.5250    1.849   0.287     0.133    0.501     0.282    0.903     0.841    0.964
2.5250   1.8000   0.4983   -0.3000    0.208   0.201     0.009    0.361     0.050    0.632     0.073    0.513
2.5250   1.8000   0.4983   -0.1000    0.947   0.304    -0.775    0.529     0.186    0.925    -0.232    0.855
2.5250   1.8000   0.4983    0.1000    0.077   0.229    -0.023    0.394    -0.003    0.725    -0.025    0.767
2.5250   1.8000   0.4983    0.3000    2.415   0.566    -1.420    0.985     0.078    1.766     0.115    1.765
2.5250   1.8000   0.4983    0.5000    4.437   0.773    -3.079    1.205    -2.677    2.457     1.756    2.424
2.5250   1.8000   0.4983    0.6750   11.781   1.723    -5.065    3.137   -11.518    5.409     6.111    5.100
2.5250   1.8000   0.4983    0.8250   33.001   3.549    -0.658    7.257    -5.724   11.051     2.022    8.061
2.5250   1.8000   0.4983    0.9500   53.557   4.523   -24.269    6.630    -8.121   14.001    -4.395   15.207
2.5750   1.8000   0.4658   -0.7750    0.757   0.240     0.546    0.396    -0.496    0.751     0.011    0.763
2.5750   1.8000   0.4658   -0.5250    0.602   0.200     0.284    0.380     0.810    0.640    -0.135    0.429
2.5750   1.8000   0.4658   -0.3000    1.149   0.267    -0.364    0.500     0.557    0.902    -0.356    0.752
2.5750   1.8000   0.4658   -0.1000    0.154   0.194    -0.114    0.394     0.243    0.700    -0.091    0.370
2.5750   1.8000   0.4658    0.1000    0.228   0.275    -0.150    0.520     0.233    0.898     0.077    0.596
2.5750   1.8000   0.4658    0.3000    0.812   0.428    -0.292    0.783     0.145    1.442     0.038    1.281
2.5750   1.8000   0.4658    0.5000    4.196   0.795    -0.972    1.402    -1.377    2.653    -0.632    2.485
2.5750   1.8000   0.4658    0.6750   11.305   1.948    -2.288    3.840    -6.619    6.113     0.755    4.762
2.5750   1.8000   0.4658    0.8250   27.930   4.352    -0.958   10.734    -4.801   16.374     0.780    7.342
2.5750   1.8000   0.4658    0.9500   42.871   4.753   -16.780    7.153   -20.029   15.759     8.530   16.491
1.6950   2.6000   0.7963   -0.7750    3.427    1.936    0.222   2.356     -2.683    3.941    -4.211    6.168
1.6950   2.6000   0.7963   -0.5250    3.936    1.661    0.441   2.023      0.596    3.176    10.168    5.450
1.6950   2.6000   0.7963   -0.3000    6.800    1.945   -1.775   2.378      0.843    3.841   -10.851    7.554
1.6950   2.6000   0.7963   -0.1000    9.835    3.294    1.319   4.019     -1.415    6.045     2.420   13.174
1.6950   2.6000   0.7963    0.1000    7.990    2.487    1.854   3.199      3.179    4.790    -3.883    9.141
1.6950   2.6000   0.7963    0.3000    5.286    2.016    1.666   2.410     -0.774    4.127     1.199    7.111
1.6950   2.6000   0.7963    0.5000    4.327    2.137    0.782   2.752      1.378    4.090     0.228    6.551
1.6950   2.6000   0.7963    0.6750    1.943    2.884    0.687   3.809      1.644    5.287     0.257    6.924
1.6950   2.6000   0.7963    0.8250    0.194    3.406    0.033   4.354      0.017    6.811     0.523   11.998
1.6950   2.6000   0.7963    0.9500    3.032    3.801   -0.514   4.989      1.487    7.471    -4.162   10.324
1.7250   2.6000   0.7804   -0.7750    4.375    0.852   -1.172   1.068      2.310    1.701     1.859    2.502
1.7250   2.6000   0.7804   -0.5250   13.312    1.444    3.284   1.653     -3.160    2.722   -12.227    4.942
1.7250   2.6000   0.7804   -0.3000   16.187    1.696    3.243   2.104      2.189    3.248    -0.277    5.629
1.7250   2.6000   0.7804   -0.1000    9.976    1.435    2.226   1.747      1.863    2.743    -1.838    4.668
1.7250   2.6000   0.7804    0.1000    9.986    1.393    0.732   1.589     -0.916    2.803    -0.965    4.439
1.7250   2.6000   0.7804    0.3000    9.677    1.492   -0.483   1.652     -0.491    2.972     3.153    6.076
1.7250   2.6000   0.7804    0.5000   11.621    1.589    1.322   1.746     -1.516    3.151    -1.798    6.681
1.7250   2.6000   0.7804    0.6750   12.589    1.709   -1.116   2.042      1.026    3.486     3.927    6.830
1.7250   2.6000   0.7804    0.8250   16.070    1.953    0.857   2.175     -3.867    3.914     7.275    8.609
1.7250   2.6000   0.7804    0.9500   14.458    2.571    4.505   3.295      4.745    5.130    -9.147    9.243
1.7750   2.6000   0.7650   -0.7750    5.573    1.340    1.055   1.679     -2.032    2.759    -0.414    4.338
1.7750   2.6000   0.7650   -0.5250   11.706    1.349    1.785   1.586     -6.249    2.741     3.564    4.642
1.7750   2.6000   0.7650   -0.3000   15.284    1.493    0.153   1.832     -6.047    3.150    -6.321    5.241
1.7750   2.6000   0.7650   -0.1000   13.125    1.558   -2.029   1.906     -1.747    3.225     4.519    5.530
1.7750   2.6000   0.7650    0.1000   16.004    1.744   -0.165   2.307      0.918    3.678    -2.814    5.472
1.7750   2.6000   0.7650    0.3000   17.264    1.914   -2.987   2.005     -5.989    3.873     6.879    7.053
1.7750   2.6000   0.7650    0.5000   17.318    1.791   -0.091   1.996     -2.018    3.570    -1.851    6.541
1.7750   2.6000   0.7650    0.6750   22.031    1.946    2.267   2.253     -1.852    3.969    -2.027    7.367
1.7750   2.6000   0.7650    0.8250   25.277    2.015    0.126   2.251     -5.172    4.128     2.841    8.178
1.7750   2.6000   0.7650    0.9500   16.806    2.482    4.030   3.081      1.298    5.025     1.554    9.107
1.8250   2.6000   0.7481   -0.7750    6.919    1.278   -0.319   1.732     -3.175    2.817     3.315    4.463
1.8250   2.6000   0.7481   -0.5250   10.885    1.272    1.296   1.741     -3.678    2.713     1.476    4.110
1.8250   2.6000   0.7481   -0.3000   20.480    1.576   -0.307   2.136     -5.731    3.441    -6.934    5.568
1.8250   2.6000   0.7481   -0.1000   24.966    1.622   -1.218   2.123     -6.180    3.554     3.594    5.643
1.8250   2.6000   0.7481    0.1000   27.651    1.748    0.952   2.375     -1.757    3.875    -1.826    5.997
1.8250   2.6000   0.7481    0.3000   27.115    2.018   -2.032   2.682     -5.995    4.361     1.952    6.717
1.8250   2.6000   0.7481    0.5000   25.602    2.006   -0.839   2.353     -7.273    4.114    -3.997    6.503
1.8250   2.6000   0.7481    0.6750   31.655    2.396   -0.282   2.744     -0.287    4.898     6.762    8.520
1.8250   2.6000   0.7481    0.8250   24.327    1.873   -0.201   2.227     -0.784    3.904    -5.546    6.956
1.8250   2.6000   0.7481    0.9500   28.905    2.471   -1.494   3.073     -0.801    5.187     0.535    9.478
1.8750   2.6000   0.7306   -0.7750    4.827    1.396    1.635   2.037     -0.849    2.844     0.780    3.915
1.8750   2.6000   0.7306   -0.5250   12.355    1.311    2.696   1.802     -6.915    2.890     0.855    4.450
1.8750   2.6000   0.7306   -0.3000   16.540    1.518    1.496   2.209     -8.593    3.364     3.322    4.708
1.8750   2.6000   0.7306   -0.1000   25.942    1.722    0.274   2.439    -14.885    3.961     4.556    6.136
1.8750   2.6000   0.7306    0.1000   28.090    1.531   -4.785   1.947    -11.118    3.382     2.285    5.521
1.8750   2.6000   0.7306    0.3000   26.262    1.631   -5.434   2.135     -4.967    3.592     2.321    5.553
1.8750   2.6000   0.7306    0.5000   30.470    2.095   -2.219   2.797     -3.726    4.506     1.425    6.826
1.8750   2.6000   0.7306    0.6750   20.882    1.973   -1.886   2.294     -3.302    4.204    -2.243    6.196
1.8750   2.6000   0.7306    0.8250   23.918    1.940   -3.851   2.201     -3.560    4.181     2.933    7.331
1.8750   2.6000   0.7306    0.9500   24.200    2.298   -2.471   2.793     -3.815    4.941     1.968    9.012
1.9250   2.6000   0.7140   -0.7750    6.321    1.166    2.771   1.513     -2.040    2.355     0.606    3.921
1.9250   2.6000   0.7140   -0.5250   10.822    0.989    2.147   1.261     -4.125    2.118    -0.083    3.478
1.9250   2.6000   0.7140   -0.3000   16.397    1.329    2.028   1.831     -5.556    2.933    10.280    4.406
1.9250   2.6000   0.7140   -0.1000   18.818    1.431   -1.860   2.085     -8.065    3.215     1.667    4.452
1.9250   2.6000   0.7140    0.1000   26.136    1.617   -0.095   2.374     -2.910    3.649    -0.733    4.930
1.9250   2.6000   0.7140    0.3000   26.210    1.548   -0.618   2.158     -2.724    3.579     1.815    5.419
1.9250   2.6000   0.7140    0.5000   23.916    1.743   -1.604   2.394     -2.859    3.879     1.133    5.773
1.9250   2.6000   0.7140    0.6750   26.900    2.353   -0.707   3.138      4.287    4.917    -4.582    7.115
1.9250   2.6000   0.7140    0.8250   20.513    1.788   -2.921   2.209      3.743    3.913     3.066    6.097
1.9250   2.6000   0.7140    0.9500   23.260    2.295   -2.241   2.858      0.609    5.047    -1.742    8.958
1.9750   2.6000   0.6971   -0.7750    5.798    0.883   -0.429   1.110     -1.258    1.966    -0.023    3.105
1.9750   2.6000   0.6971   -0.5250    6.295    0.725    1.187   0.892     -4.182    1.653    -2.540    2.626
1.9750   2.6000   0.6971   -0.3000   10.015    0.962    0.601   1.276     -2.217    2.142    -0.121    3.298
1.9750   2.6000   0.6971   -0.1000   15.460    1.261    0.352   1.833     -1.148    2.794    -2.065    3.728
1.9750   2.6000   0.6971    0.1000   17.604    1.506    0.005   2.367      2.750    3.482    -1.249    3.925
1.9750   2.6000   0.6971    0.3000   19.888    1.368   -0.937   2.072      4.861    3.221    -2.360    4.011
1.9750   2.6000   0.6971    0.5000   21.428    1.505   -0.278   2.164      0.735    3.420    -1.388    4.755
1.9750   2.6000   0.6971    0.6750   25.271    2.288   -3.215   3.264      3.202    4.988     0.232    6.789
1.9750   2.6000   0.6971    0.8250   25.457    1.979   -3.588   2.397     -0.300    4.408    -0.108    6.875
1.9750   2.6000   0.6971    0.9500   35.175    2.426   -4.498   3.148      5.112    5.429     5.789    8.885
2.0250   2.6000   0.6805   -0.7750    3.347    0.734    0.909   1.017      0.528    1.577    -0.776    2.276
2.0250   2.6000   0.6805   -0.5250    2.356    0.468    0.443   0.593     -0.989    1.039    -0.362    1.543
2.0250   2.6000   0.6805   -0.3000    5.903    0.776   -0.219   1.017     -1.750    1.798     5.021    2.726
2.0250   2.6000   0.6805   -0.1000    7.397    0.877   -0.424   1.212     -1.206    1.993    -2.201    3.047
2.0250   2.6000   0.6805    0.1000   10.145    0.995   -3.758   1.467     -0.485    2.340    -1.744    3.096
2.0250   2.6000   0.6805    0.3000   19.395    1.457    0.496   2.357      2.626    3.585    -1.152    4.183
2.0250   2.6000   0.6805    0.5000   18.402    1.304   -1.210   1.947      1.502    3.122     0.769    4.072
2.0250   2.6000   0.6805    0.6750   21.623    1.912   -6.827   2.784      0.315    4.437     1.859    5.593
2.0250   2.6000   0.6805    0.8250   25.863    2.080   -3.660   2.792      5.344    4.719     6.434    6.371
2.0250   2.6000   0.6805    0.9500   36.942    2.317   -2.181   3.032      0.223    5.337    -7.241    9.069
2.0750   2.6000   0.6613   -0.7750    3.351    0.674    0.216   0.967      0.904    1.530     0.594    2.337
2.0750   2.6000   0.6613   -0.5250    2.002    0.431    0.048   0.550     -0.880    1.010     0.556    1.605
2.0750   2.6000   0.6613   -0.3000    3.012    0.606    0.781   0.868     -0.046    1.421     0.716    2.033
2.0750   2.6000   0.6613   -0.1000    5.722    0.736   -0.156   1.081      1.107    1.726    -1.900    2.246
2.0750   2.6000   0.6613    0.1000    7.288    0.828   -1.648   1.228      1.056    1.963    -1.073    2.480
2.0750   2.6000   0.6613    0.3000   12.516    1.272   -0.192   2.095      2.687    3.118     0.171    3.150
2.0750   2.6000   0.6613    0.5000   16.459    1.269   -1.197   1.970      2.335    3.114     4.322    3.801
2.0750   2.6000   0.6613    0.6750   18.735    1.997   -0.514   3.215      0.671    4.863    -0.105    5.428
2.0750   2.6000   0.6613    0.8250   23.065    2.101   -3.579   2.975      3.750    4.880     3.340    6.164
2.0750   2.6000   0.6613    0.9500   35.122    2.318   -1.246   3.100     -2.589    5.506    11.830    9.186
2.1250   2.6000   0.6387   -0.7750    2.000    0.480   -0.342   0.714      0.154    1.199     0.412    1.572
2.1250   2.6000   0.6387   -0.5250    1.179    0.372    0.127   0.538      0.085    0.882    -0.476    1.170
2.1250   2.6000   0.6387   -0.3000    2.063    0.504   -0.285   0.706     -0.142    1.237    -0.944    1.820
2.1250   2.6000   0.6387   -0.1000    4.062    0.672   -0.360   0.972     -0.367    1.646     0.000    2.348
2.1250   2.6000   0.6387    0.1000    7.556    0.829   -1.404   1.210     -1.035    2.050    -0.919    2.838
2.1250   2.6000   0.6387    0.3000    7.942    1.040   -1.711   1.733     -0.652    2.698     2.834    2.817
2.1250   2.6000   0.6387    0.5000    9.756    1.133   -1.253   1.857      0.690    2.939    -0.347    3.388
2.1250   2.6000   0.6387    0.6750   14.648    1.772   -1.603   2.851     -0.235    4.512     4.767    5.280
2.1250   2.6000   0.6387    0.8250   15.272    2.211   -0.331   3.249     -0.076    5.088    -0.793    6.173
2.1250   2.6000   0.6387    0.9500   27.031    2.287   -2.917   3.211      0.721    5.624    10.231    8.702
2.1750   2.6000   0.6113   -0.7750    2.334    0.485    0.485   0.744      0.525    1.197     0.134    1.542
2.1750   2.6000   0.6113   -0.5250    2.326    0.433    0.596   0.607     -0.961    1.064     1.577    1.565
2.1750   2.6000   0.6113   -0.3000    2.321    0.511   -0.491   0.746      0.117    1.314    -0.080    1.669
2.1750   2.6000   0.6113   -0.1000    3.153    0.611    0.091   0.931      0.355    1.547     0.240    1.932
2.1750   2.6000   0.6113    0.1000    5.267    0.721   -0.031   1.106      1.717    1.795    -0.641    2.176
2.1750   2.6000   0.6113    0.3000    6.292    1.035    0.693   1.755      0.422    2.645     0.407    2.704
2.1750   2.6000   0.6113    0.5000    8.988    1.162   -3.120   1.908     -1.328    3.084     4.302    3.445
2.1750   2.6000   0.6113    0.6750    9.095    1.527   -1.290   2.397      0.598    3.894     3.164    4.380
2.1750   2.6000   0.6113    0.8250   15.660    2.802   -3.070   4.560     -1.789    6.841    -0.208    7.497
2.1750   2.6000   0.6113    0.9500   22.864    2.573    0.807   3.795      4.241    6.491     0.807    8.937
2.2250   2.6000   0.5833   -0.7750    2.173    0.430    0.050   0.668      0.284    1.147     0.614    1.437
2.2250   2.6000   0.5833   -0.5250    1.502    0.306    0.376   0.454     -0.448    0.780    -0.114    0.885
2.2250   2.6000   0.5833   -0.3000    2.163    0.454   -0.991   0.643     -1.082    1.245     1.504    1.681
2.2250   2.6000   0.5833   -0.1000    2.203    0.488   -0.207   0.784      1.059    1.306    -0.530    1.443
2.2250   2.6000   0.5833    0.1000    4.538    0.606    0.818   0.973      2.345    1.582    -0.602    1.660
2.2250   2.6000   0.5833    0.3000    5.244    0.830   -1.056   1.386      0.229    2.277     0.796    2.471
2.2250   2.6000   0.5833    0.5000    5.921    1.180   -1.031   2.140     -0.111    3.354     1.491    2.964
2.2250   2.6000   0.5833    0.6750    8.139    1.410   -2.410   2.330     -2.956    4.025     0.507    4.686
2.2250   2.6000   0.5833    0.8250   13.118    2.290   -5.472   3.692      0.091    5.979     3.347    6.021
2.2250   2.6000   0.5833    0.9500   21.002    2.588    0.074   3.686     -3.446    6.792     2.979    9.294
2.2750   2.6000   0.5516   -0.7750    1.965    0.382    0.389   0.578     -0.298    1.041    -0.144    1.256
2.2750   2.6000   0.5516   -0.5250    2.045    0.379    0.482   0.602     -0.490    1.035    -0.118    1.279
2.2750   2.6000   0.5516   -0.3000    1.293    0.338   -0.806   0.544      0.397    0.961    -0.064    1.032
2.2750   2.6000   0.5516   -0.1000    1.784    0.479   -0.461   0.765      0.266    1.363    -0.112    1.534
2.2750   2.6000   0.5516    0.1000    2.396    0.516    0.028   0.825     -0.042    1.456    -0.483    1.593
2.2750   2.6000   0.5516    0.3000    3.714    0.681   -1.155   1.134      0.207    1.940     0.741    2.120
2.2750   2.6000   0.5516    0.5000    6.022    1.321    0.109   2.550      1.152    3.913     1.655    2.906
2.2750   2.6000   0.5516    0.6750   10.532    1.590   -1.766   2.772      1.951    4.572     0.466    4.262
2.2750   2.6000   0.5516    0.8250   19.749    3.191    1.867   5.681      4.231    8.076     1.108    6.868
2.2750   2.6000   0.5516    0.9500   32.879    3.110   -2.188   4.458     -6.202    8.669     0.426   10.995
2.3250   2.6000   0.5195   -0.7750    1.168    0.309   -0.270   0.468     -0.649    0.932    -0.082    1.130
2.3250   2.6000   0.5195   -0.5250    0.948    0.273    0.478   0.462      0.154    0.716    -0.123    0.718
2.3250   2.6000   0.5195   -0.3000    1.583    0.372   -0.851   0.641      0.737    1.131     0.278    1.154
2.3250   2.6000   0.5195   -0.1000    2.284    0.497   -0.189   0.855      0.937    1.488    -0.517    1.582
2.3250   2.6000   0.5195    0.1000    2.061    0.499   -0.011   0.865      1.072    1.497    -0.856    1.523
2.3250   2.6000   0.5195    0.3000    3.975    0.687   -1.525   1.145     -0.826    2.081    -1.405    2.412
2.3250   2.6000   0.5195    0.5000    4.760    0.832   -2.890   1.418     -3.519    2.569     1.737    2.654
2.3250   2.6000   0.5195    0.6750    7.070    1.352   -2.982   2.533     -4.853    4.434    -0.162    4.062
2.3250   2.6000   0.5195    0.8250   17.842    2.295   -8.498   3.686     -9.288    6.694     5.204    7.044
2.3250   2.6000   0.5195    0.9500   28.502    3.231   -1.047   4.925     -3.881    9.527    -6.690   10.710
2.3750   2.6000   0.4817   -0.7750    0.759    0.265    0.777   0.501      0.568    0.695    -0.073    0.462
2.3750   2.6000   0.4817   -0.5250    0.930    0.280    0.311   0.484     -0.152    0.867     0.088    0.970
2.3750   2.6000   0.4817   -0.3000    1.355    0.401   -0.707   0.731      0.607    1.300    -1.354    1.169
2.3750   2.6000   0.4817   -0.1000    0.935    0.365   -0.365   0.647      0.199    1.189    -0.135    1.080
2.3750   2.6000   0.4817    0.1000    1.016    0.408   -0.247   0.705     -0.029    1.328     0.354    1.369
2.3750   2.6000   0.4817    0.3000    3.022    0.628   -1.378   1.072     -1.146    2.079     0.651    2.096
2.3750   2.6000   0.4817    0.5000    5.244    1.133   -2.254   2.191     -0.991    3.718    -0.928    3.092
2.3750   2.6000   0.4817    0.6750   13.243    2.540   -0.522   5.614      6.341    9.160     1.380    4.598
2.3750   2.6000   0.4817    0.8250   19.215    2.894   -4.455   5.476    -12.603    9.135     3.209    8.144
2.3750   2.6000   0.4817    0.9500   26.840    3.455   -4.775   5.394     -7.506   11.128     1.458   11.255
1.6950   3.4500   0.7114   -0.7750    3.866   2.182    0.207   2.602    -0.124    4.810    0.800    3.543
1.6950   3.4500   0.7114   -0.5250    6.059   3.102   -0.592   2.990    -4.685    6.766    4.215    7.101
1.6950   3.4500   0.7114   -0.3000    7.014   2.622    2.934   3.299    -1.294    5.669   -0.773    4.970
1.6950   3.4500   0.7114   -0.1000    6.433   3.041    1.227   4.295     0.136    6.406   -2.766    5.727
1.6950   3.4500   0.7114    0.1000    4.029   2.529    2.735   3.667     1.168    5.003    0.128    3.536
1.6950   3.4500   0.7114    0.3000    4.270   2.150   -0.759   2.752     1.484    4.739    0.223    3.611
1.6950   3.4500   0.7114    0.5000    5.180   2.712    0.784   3.450    -2.096    5.990   -2.194    6.075
1.6950   3.4500   0.7114    0.6750    1.271   2.852    0.177   3.729     0.115    6.916    0.043    5.220
1.6950   3.4500   0.7114    0.8250    0.202   6.222    0.021   4.027    -0.133   14.116   -0.033   39.839
1.6950   3.4500   0.7114    0.9500    2.532   3.948    1.334   5.521     1.993   10.086   -1.519    8.582
1.7250   3.4500   0.6922   -0.7750    6.206   1.123   -2.219   1.340    -1.067    2.560    0.032    1.680
1.7250   3.4500   0.6922   -0.5250    9.890   1.347    4.154   1.796     1.470    2.692    0.373    1.322
1.7250   3.4500   0.6922   -0.3000    9.254   1.400    1.538   1.584    -4.763    3.036   -0.264    1.972
1.7250   3.4500   0.6922   -0.1000    7.303   1.392   -0.045   1.572    -4.207    3.124    0.724    1.923
1.7250   3.4500   0.6922    0.1000    6.684   1.269    0.341   1.732     2.637    2.815   -0.425    1.379
1.7250   3.4500   0.6922    0.3000    5.231   1.238    2.735   2.003     5.574    3.080    0.044    0.694
1.7250   3.4500   0.6922    0.5000    5.479   1.221    0.019   1.509    -0.367    2.733   -1.122    1.374
1.7250   3.4500   0.6922    0.6750    8.256   1.621    0.116   1.656    -6.203    3.650    1.302    2.049
1.7250   3.4500   0.6922    0.8250   10.332   1.786    2.600   2.239    -1.334    3.866   -4.099    2.446
1.7250   3.4500   0.6922    0.9500   10.169   2.543    2.788   2.847    -8.528    5.569   -2.632    3.088
1.7750   3.4500   0.6741   -0.7750    4.461   1.535    0.532   2.396     1.928    3.335   -0.217    1.194
1.7750   3.4500   0.6741   -0.5250    5.523   0.966   -1.867   1.219    -1.475    2.251    1.873    1.079
1.7750   3.4500   0.6741   -0.3000    9.408   1.387   -0.350   2.143    -0.543    3.505    0.765    1.205
1.7750   3.4500   0.6741   -0.1000    6.178   1.344    1.032   2.019     2.333    2.970    1.954    1.001
1.7750   3.4500   0.6741    0.1000    9.419   1.594    1.251   2.229    -0.765    3.472   -0.164    1.386
1.7750   3.4500   0.6741    0.3000    7.924   1.428   -2.299   1.497    -5.189    3.324   -0.369    1.476
1.7750   3.4500   0.6741    0.5000   11.771   1.664    0.613   2.071     0.276    3.679   -0.755    1.820
1.7750   3.4500   0.6741    0.6750   18.349   2.093    4.380   2.694     2.000    4.596    2.582    2.436
1.7750   3.4500   0.6741    0.8250   16.261   1.865   -0.778   2.398     1.262    4.304    0.229    2.164
1.7750   3.4500   0.6741    0.9500   13.762   2.706    1.375   3.520    -1.417    6.245    1.421    3.729
1.8250   3.4500   0.6506   -0.7750    4.503   1.093   -1.482   1.535    -2.256    2.697    1.419    1.330
1.8250   3.4500   0.6506   -0.5250    6.666   1.122    0.461   1.722     1.312    2.688   -0.398    1.034
1.8250   3.4500   0.6506   -0.3000    9.227   1.203    1.471   1.834    -2.703    3.040   -1.171    1.087
1.8250   3.4500   0.6506   -0.1000   14.685   1.415   -3.509   1.742   -10.133    3.442   -1.326    1.552
1.8250   3.4500   0.6506    0.1000   17.843   1.648   -2.700   2.184   -10.502    4.028    2.358    1.771
1.8250   3.4500   0.6506    0.3000   14.150   1.735   -1.926   2.548    -2.260    4.160    1.773    1.394
1.8250   3.4500   0.6506    0.5000   18.200   1.996    1.560   2.615    -6.821    4.550    2.131    1.964
1.8250   3.4500   0.6506    0.6750   15.083   1.757   -2.572   2.359     4.601    4.241   -1.723    1.442
1.8250   3.4500   0.6506    0.8250   18.474   1.902   -1.995   2.288    -3.588    4.588    1.509    2.561
1.8250   3.4500   0.6506    0.9500   18.552   2.394   -1.222   3.009    -2.966    5.795    0.882    2.842
1.8750   3.4500   0.6308   -0.7750    2.722   1.137   -0.364   1.983    -0.814    3.154    0.314    1.122
1.8750   3.4500   0.6308   -0.5250    6.282   1.005   -0.438   1.419    -6.064    2.504    0.366    1.036
1.8750   3.4500   0.6308   -0.3000   12.623   1.598    0.715   2.592    -5.076    4.006    0.637    1.461
1.8750   3.4500   0.6308   -0.1000   13.375   1.281   -3.857   1.785    -9.387    3.233   -1.433    1.274
1.8750   3.4500   0.6308    0.1000   16.576   1.398   -2.299   1.956    -7.166    3.500   -0.462    1.322
1.8750   3.4500   0.6308    0.3000   18.730   1.782    0.238   2.779    -3.643    4.574   -0.108    1.513
1.8750   3.4500   0.6308    0.5000   15.677   1.743   -5.633   2.499    -3.890    4.288   -0.729    1.431
1.8750   3.4500   0.6308    0.6750   14.991   1.985   -1.628   2.776    -1.136    4.944   -0.659    1.904
1.8750   3.4500   0.6308    0.8250   15.826   1.867   -0.427   2.338    -1.093    4.599   -0.333    2.159
1.8750   3.4500   0.6308    0.9500   15.064   2.174   -1.825   2.947     0.493    5.409    3.382    2.337
1.9250   3.4500   0.6053   -0.7750    4.726   1.183    2.062   1.806     0.122    2.746    0.334    1.200
1.9250   3.4500   0.6053   -0.5250    8.189   1.065   -0.319   1.613    -1.535    2.748    0.440    1.101
1.9250   3.4500   0.6053   -0.3000   10.834   1.320   -1.362   2.061     0.394    3.363    0.265    1.152
1.9250   3.4500   0.6053   -0.1000   14.225   1.698   -1.848   3.061    -0.390    4.728    0.402    1.278
1.9250   3.4500   0.6053    0.1000   15.801   1.525   -2.095   2.621    -1.757    4.252    2.544    1.308
1.9250   3.4500   0.6053    0.3000   17.150   1.598    1.902   2.475    -4.910    4.217   -0.074    1.598
1.9250   3.4500   0.6053    0.5000   14.143   1.770   -1.664   3.029     1.732    4.800    0.775    1.269
1.9250   3.4500   0.6053    0.6750   13.433   1.844   -9.206   2.280    -5.065    4.790    2.448    1.640
1.9250   3.4500   0.6053    0.8250   13.515   1.906    0.346   2.633     2.720    4.743    1.646    1.812
1.9250   3.4500   0.6053    0.9500   15.674   2.381   -2.631   3.296    -2.230    6.120   -0.740    2.619
1.9750   3.4500   0.5833   -0.7750    3.922   0.863   -1.316   1.191    -2.742    2.514    0.926    1.073
1.9750   3.4500   0.5833   -0.5250    4.634   0.752   -1.408   1.185     0.608    2.026    0.107    0.766
1.9750   3.4500   0.5833   -0.3000    6.971   0.965   -3.792   1.518    -0.371    2.621    0.505    0.839
1.9750   3.4500   0.5833   -0.1000    8.866   1.145   -0.681   1.939    -0.665    3.180    0.903    1.052
1.9750   3.4500   0.5833    0.1000    9.311   1.275   -2.128   2.229    -1.430    3.601    0.377    1.086
1.9750   3.4500   0.5833    0.3000   14.105   1.469   -1.205   2.465     1.307    4.050   -0.658    1.303
1.9750   3.4500   0.5833    0.5000   14.989   1.700    1.228   2.814     1.798    4.447   -1.121    1.418
1.9750   3.4500   0.5833    0.6750   14.712   2.142   -6.489   3.154    -6.976    5.710    0.201    2.091
1.9750   3.4500   0.5833    0.8250   18.958   2.331   -2.335   3.430     4.255    6.128    0.210    2.360
1.9750   3.4500   0.5833    0.9500   25.759   2.692   -0.205   3.967    -0.866    7.258    5.149    3.146
2.0250   3.4500   0.5616   -0.7750    1.436   0.505   -0.357   0.750    -0.376    1.413    0.011    0.558
2.0250   3.4500   0.5616   -0.5250    2.664   0.622    0.606   1.019     1.692    1.607    0.329    0.559
2.0250   3.4500   0.5616   -0.3000    4.067   0.725   -1.640   1.092    -1.186    2.021    0.120    0.856
2.0250   3.4500   0.5616   -0.1000    4.877   0.851   -0.122   1.391     1.420    2.287    0.063    0.797
2.0250   3.4500   0.5616    0.1000    6.133   0.975   -1.960   1.597    -4.237    2.783   -0.213    0.971
2.0250   3.4500   0.5616    0.3000   12.098   1.392   -1.255   2.418     2.333    3.903   -1.153    1.302
2.0250   3.4500   0.5616    0.5000   13.486   1.427   -4.189   2.438    -3.395    4.241   -0.170    1.451
2.0250   3.4500   0.5616    0.6750   14.386   1.975   -6.686   3.002    -8.001    5.462    0.777    1.996
2.0250   3.4500   0.5616    0.8250   16.235   2.167   -1.387   3.329     3.783    5.808    1.477    2.008
2.0250   3.4500   0.5616    0.9500   32.945   2.841    2.249   4.317    -1.904    7.913    3.842    3.424
2.0750   3.4500   0.5394   -0.7750    2.695   0.714    0.972   1.059    -1.304    1.934    0.314    1.121
2.0750   3.4500   0.5394   -0.5250    1.773   0.483   -0.217   0.779    -0.300    1.442    0.591    0.693
2.0750   3.4500   0.5394   -0.3000    2.029   0.599    0.030   0.999     0.334    1.701    0.314    0.640
2.0750   3.4500   0.5394   -0.1000    4.229   0.766   -0.954   1.319     3.544    2.215   -0.763    0.609
2.0750   3.4500   0.5394    0.1000    6.005   1.015    0.204   1.796    -2.212    2.969   -1.315    1.064
2.0750   3.4500   0.5394    0.3000    9.299   1.308   -1.958   2.424     1.271    3.931   -0.429    1.117
2.0750   3.4500   0.5394    0.5000   11.232   1.261   -3.629   2.086    -3.602    3.716    1.057    1.382
2.0750   3.4500   0.5394    0.6750    9.792   1.555   -6.018   2.366    -3.970    4.506    0.535    1.402
2.0750   3.4500   0.5394    0.8250   16.036   2.176   -7.393   3.068    -6.299    6.264    1.007    2.409
2.0750   3.4500   0.5394    0.9500   24.984   2.511    1.207   3.900    -1.562    7.206   -1.710    2.886
2.1250   3.4500   0.5145   -0.7750    1.509   0.503    0.369   0.880     0.602    1.447   -0.068    0.584
2.1250   3.4500   0.5145   -0.5250    0.710   0.326    0.001   0.542    -0.042    0.983    0.018    0.374
2.1250   3.4500   0.5145   -0.3000    1.623   0.552   -0.209   0.907    -0.338    1.697    0.284    0.739
2.1250   3.4500   0.5145   -0.1000    2.862   0.660   -0.702   1.073    -0.170    2.022    0.054    0.824
2.1250   3.4500   0.5145    0.1000    4.313   0.782   -1.017   1.358     0.550    2.333   -0.165    0.766
2.1250   3.4500   0.5145    0.3000    4.693   0.928   -3.203   1.728    -2.846    2.982    0.041    0.881
2.1250   3.4500   0.5145    0.5000    6.943   1.236   -0.872   2.399    -1.383    4.004    0.197    1.171
2.1250   3.4500   0.5145    0.6750    9.069   1.674   -4.126   2.764    -6.405    5.251    2.251    1.725
2.1250   3.4500   0.5145    0.8250    9.148   2.128   -2.583   3.501    -0.633    5.975    0.350    1.932
2.1250   3.4500   0.5145    0.9500   17.498   2.516    2.590   3.844    -5.038    7.436    3.240    2.617
2.1750   3.4500   0.4841   -0.7750    1.327   0.458    0.963   0.850     1.526    1.247    0.199    0.288
2.1750   3.4500   0.4841   -0.5250    1.246   0.359   -0.271   0.518    -1.447    1.167   -0.064    0.409
2.1750   3.4500   0.4841   -0.3000    1.524   0.496   -0.341   0.756    -1.158    1.610    0.322    0.693
2.1750   3.4500   0.4841   -0.1000    2.512   0.643   -0.162   1.057    -0.602    2.073   -0.654    0.856
2.1750   3.4500   0.4841    0.1000    3.570   0.707   -1.756   1.209    -1.097    2.297   -0.696    0.803
2.1750   3.4500   0.4841    0.3000    4.042   1.088   -0.884   2.270    -0.699    3.739    0.571    0.916
2.1750   3.4500   0.4841    0.5000    6.226   1.302   -1.023   2.664     0.905    4.458   -0.058    1.064
2.1750   3.4500   0.4841    0.6750    4.857   1.471   -2.930   2.714    -1.172    4.822    0.286    1.183
2.1750   3.4500   0.4841    0.8250    7.607   2.127   -4.185   3.385    -3.565    6.536   -0.354    2.010
2.1750   3.4500   0.4841    0.9500   11.022   2.408   -3.122   3.916     0.886    7.749    0.995    2.132
