1.695	-0.7	46.7985	31.4438
1.695	-0.6	44.8959	30.8234
1.695	-0.5	40.4149	34.3466
1.695	-0.3999	28.9899	22.862
1.695	-0.3	24.5407	23.4268
1.695	-0.2	24.7616	27.3781
1.695	-0.1	28.1227	29.1302
1.695	0	35.4488	40.5993
1.695	0.1	22.5017	28.4459
1.695	0.2	16.0677	21.3474
1.695	0.3	10.3516	14.2505
1.695	0.4	13.0916	17.2656
1.695	0.4999	20.5478	24.5549
1.705	-0.7	77.0542	37.6802
1.705	-0.6	61.5119	26.6204
1.705	-0.5	56.4957	30.4761
1.705	-0.3999	62.9695	35.375
1.705	-0.3	51.1208	23.7337
1.705	-0.2	44.0722	19.5968
1.705	-0.1	51.657	19.9672
1.705	0	61.9606	19.8237
1.705	0.1	58.7455	19.5068
1.705	0.2	44.1919	16.2755
1.705	0.3	60.7601	23.7055
1.705	0.4	66.5488	25.7854
1.705	0.4999	48.3151	19.2566
1.705	0.6	44.2095	21.5995
1.705	0.7	42.9962	22.4522
1.705	0.8	52.5073	35.3983
1.715	-0.7	48.3623	35.841
1.715	-0.6	58.0282	25.8034
1.715	-0.5	56.3561	29.6188
1.715	-0.3999	61.2265	28.2039
1.715	-0.3	57.5737	23.756
1.715	-0.2	58.0852	18.5493
1.715	-0.1	62.1099	17.7951
1.715	0	63.4972	16.8959
1.715	0.1	67.6954	19.388
1.715	0.2	105.69	29.9916
1.715	0.3	55.9762	14.7301
1.715	0.4	55.9734	10.9931
1.715	0.4999	62.9345	10.7116
1.715	0.6	73.0073	12.1959
1.715	0.7	67.7725	12.3912
1.715	0.8	65.6163	13.3593
1.725	-0.7	60.6628	32.6933
1.725	-0.6	64.0172	31.6456
1.725	-0.5	58.7945	27.7854
1.725	-0.3999	71.0494	34.1399
1.725	-0.3	68.1259	28.0687
1.725	-0.2	64.4019	22.2445
1.725	-0.1	77.1962	24.883
1.725	0	78.8427	24.1028
1.725	0.1	89.8419	24.8197
1.725	0.2	80.7571	16.4552
1.725	0.3	74.5095	13.592
1.725	0.4	72.9873	14.2134
1.725	0.4999	81.949	17.324
1.725	0.6	81.6	16.601
1.725	0.7	89.859	17.7045
1.725	0.8	90.1635	17.4778
1.725	0.9	109.366	72.2823
1.735	-0.7	72.2828	32.3893
1.735	-0.6	52.1746	25.5548
1.735	-0.5	62.8905	30.6571
1.735	-0.3999	68.4957	29.4644
1.735	-0.3	67.999	26.4344
1.735	-0.2	68.917	22.9329
1.735	-0.1	77.0322	20.6666
1.735	0	88.1688	22.8612
1.735	0.1	97.5983	23.9684
1.735	0.2	94.9709	16.8418
1.735	0.3	106.826	17.1138
1.735	0.4	86.0561	14.2717
1.735	0.4999	85.5758	15.0471
1.735	0.6	99.9511	18.6006
1.735	0.7	100.097	19.539
1.735	0.8	104.395	20.1691
1.735	0.9	92.8661	25.1266
1.745	-0.7	67.4108	32.0412
1.745	-0.6	78.7201	31.9528
1.745	-0.5	78.1214	27.4374
1.745	-0.3999	80.5051	24.6733
1.745	-0.3	85.1202	22.617
1.745	-0.2	86.584	20.0823
1.745	-0.1	87.1742	23.1457
1.745	0	102.259	23.3602
1.745	0.1	114.772	27.1693
1.745	0.2	102.071	19.4857
1.745	0.3	106.885	18.6815
1.745	0.4	103.981	17.8685
1.745	0.4999	102.544	18.2532
1.745	0.6	110.898	18.2773
1.745	0.7	115.262	18.0791
1.745	0.8	115.555	19.027
1.745	0.9	105.421	20.6675
1.755	-0.7	90.9216	33.2617
1.755	-0.6	80.0534	23.0059
1.755	-0.5	79.376	20.1045
1.755	-0.3999	90.3155	20.8821
1.755	-0.3	87.2711	17.9309
1.755	-0.2	86.6984	17.465
1.755	-0.1	106.915	20.1225
1.755	0	105.404	20.1352
1.755	0.1	121.215	26.9974
1.755	0.2	121.694	23.0943
1.755	0.3	111.749	19.9654
1.755	0.4	114.527	18.7832
1.755	0.4999	127.643	20.6409
1.755	0.6	127.874	20.8895
1.755	0.7	125.523	20.7671
1.755	0.8	130.731	22.0669
1.755	0.9	126.314	26.2197
1.765	-0.7	78.1273	21.9693
1.765	-0.6	77.3356	19.8538
1.765	-0.5	81.8828	19.3542
1.765	-0.3999	91.6574	18.4143
1.765	-0.3	100.518	17.9239
1.765	-0.2	102.617	17.1144
1.765	-0.1	111.477	16.9629
1.765	0	111.231	16.9279
1.765	0.1	135.732	22.2659
1.765	0.2	132.903	20.0356
1.765	0.3	116.029	16.3438
1.765	0.4	106.787	14.7408
1.765	0.4999	143.609	21.6273
1.765	0.6	130.397	18.6508
1.765	0.7	133.333	21.2376
1.765	0.8	128.248	23.9845
1.765	0.9	128.099	26.2836
1.775	-0.7	82.8773	22.8726
1.775	-0.6	75.4212	17.5918
1.775	-0.5	89.1602	16.7862
1.775	-0.3999	94.2288	16.2319
1.775	-0.3	109.597	16.5628
1.775	-0.2	129.955	19.4155
1.775	-0.1	130.153	17.2093
1.775	0	141.427	17.9938
1.775	0.1	157.74	20.0937
1.775	0.2	139.49	16.7095
1.775	0.3	143.23	16.9056
1.775	0.4	150.678	17.4562
1.775	0.4999	157.09	18.559
1.775	0.6	147.177	18.1245
1.775	0.7	145.121	18.3033
1.775	0.8	141.516	18.0873
1.775	0.9	163.44	23.2969
1.785	-0.7	94.8461	21.9117
1.785	-0.6	87.1448	16.0291
1.785	-0.5	93.2656	13.9822
1.785	-0.3999	90.68	12.7873
1.785	-0.3	107.7	14.7736
1.785	-0.2	138.909	18.5144
1.785	-0.1	135.638	16.5265
1.785	0	144.075	17.3877
1.785	0.1	160.522	19.3161
1.785	0.2	144.652	16.4828
1.785	0.3	163.116	18.3551
1.785	0.4	157.176	17.6256
1.785	0.4999	156.376	18.0653
1.785	0.6	150.656	17.5963
1.785	0.7	150.139	18.5161
1.785	0.8	144.634	17.8055
1.785	0.9	137.463	19.7561
1.795	-0.7	83.3777	19.4759
1.795	-0.6	89.8476	15.9242
1.795	-0.5	89.8045	12.9726
1.795	-0.3999	107.749	14.3013
1.795	-0.3	124.996	15.3446
1.795	-0.2	149.663	17.9511
1.795	-0.1	154.048	18.09
1.795	0	145.398	16.3383
1.795	0.1	197.88	23.3756
1.795	0.2	178.074	19.9594
1.795	0.3	171.171	18.9205
1.795	0.4	169.623	19.1509
1.795	0.4999	178.854	20.3545
1.795	0.6	188.199	21.6894
1.795	0.7	175.319	20.3245
1.795	0.8	174.086	20.5603
1.795	0.9	163.244	21.3958
1.805	-0.7	79.3408	19.8431
1.805	-0.6	85.369	15.0786
1.805	-0.5	100.459	13.8195
1.805	-0.3999	121.461	15.1252
1.805	-0.3	131.368	15.7402
1.805	-0.2	143.561	17.1829
1.805	-0.1	167.913	19.2053
1.805	0	162.276	18.3751
1.805	0.1	211.098	24.7549
1.805	0.2	187.519	20.7788
1.805	0.3	179.637	19.8059
1.805	0.4	164.43	18.4221
1.805	0.5	188.315	20.9104
1.805	0.6	177.93	19.9471
1.805	0.7	173.761	19.5007
1.805	0.8	190.215	21.5394
1.805	0.8995	185.976	22.1616
1.815	-0.8	64.4729	22.567
1.815	-0.6992	64.7692	15.1844
1.815	-0.5997	84.0764	15.6635
1.815	-0.5	108.607	14.5335
1.815	-0.4	141.328	17.5722
1.815	-0.3	151.98	18.118
1.815	-0.1999	169.246	19.8064
1.815	-0.1	188.779	21.8432
1.815	0	197.938	21.9623
1.815	0.1	246.632	28.7143
1.815	0.2	221.372	24.7258
1.815	0.3	193.358	21.2712
1.815	0.4	195.214	21.7151
1.815	0.4999	203.394	22.3061
1.815	0.6	206.928	22.9865
1.815	0.7	207.253	22.9316
1.815	0.8	201.943	22.6396
1.815	0.8995	188.653	22.9614
1.825	-0.8	90.5323	25.9004
1.825	-0.7	59.3563	13.8581
1.825	-0.6	80.4763	13.878
1.825	-0.5	95.2522	12.8128
1.825	-0.4	138.722	16.8501
1.825	-0.3	149.559	17.2369
1.825	-0.2	178.168	21.606
1.825	-0.1	184.251	21.0945
1.825	0	202.297	22.5589
1.825	0.1	231.546	26.4325
1.825	0.2	232.637	25.5595
1.825	0.3	217.37	24.1163
1.825	0.4	209.173	22.9372
1.825	0.4999	202.834	21.7798
1.825	0.6	223.529	24.0716
1.825	0.7	212.235	22.9362
1.825	0.7999	203.325	22.3859
1.825	0.9	208.772	24.5067
1.835	-0.8	78.7401	22.7387
1.835	-0.7	59.0329	12.6067
1.835	-0.5998	85.0863	13.0768
1.835	-0.5	109.022	14.114
1.835	-0.3999	147.848	17.3568
1.835	-0.2999	150.268	17.5452
1.835	-0.2	219.933	24.8951
1.835	-0.1	230.665	25.557
1.835	0	239.157	25.6975
1.835	0.1	267.892	29.1879
1.835	0.2	245.905	26.4389
1.835	0.3	230.69	25.0894
1.835	0.4	218.158	23.4504
1.835	0.4999	223.349	23.6465
1.835	0.6	241.003	25.3555
1.835	0.7	221.152	23.2694
1.835	0.7999	200.551	21.6314
1.835	0.8995	205.206	23.5387
1.845	-0.8	53.352	16.0374
1.845	-0.7	58.1766	12.5196
1.845	-0.6	92.7453	14.4557
1.845	-0.5	108.326	13.5396
1.845	-0.3999	137.693	15.7602
1.845	-0.3	178.729	20.6207
1.845	-0.1999	203.231	23.3006
1.845	-0.1	231.101	25.3876
1.845	0	252.112	26.8796
1.845	0.1	269.646	28.943
1.845	0.2	253.851	26.6974
1.845	0.3	253.64	26.923
1.845	0.4	261.846	27.8458
1.845	0.4999	240.573	25.1578
1.845	0.6	234.831	24.5633
1.845	0.7	226.293	24.1909
1.845	0.7999	215.394	23.5648
1.845	0.8995	200.461	22.5853
1.855	-0.8	65.6677	17.7564
1.855	-0.7	66.4272	11.9614
1.855	-0.5999	95.3741	13.3176
1.855	-0.5	120.317	14.5654
1.855	-0.3999	150.09	17.3609
1.855	-0.2999	191.549	21.4757
1.855	-0.2	220.446	24.4692
1.855	-0.1	238.353	26.0856
1.855	0	280.622	29.5177
1.855	0.1	286.898	30.9821
1.855	0.2	271.503	28.6455
1.855	0.3	276.324	29.3108
1.855	0.4	277.522	28.9973
1.855	0.4999	253.342	26.4198
1.855	0.6	251.447	26.1112
1.855	0.7	240.657	25.4681
1.855	0.8	236.711	25.658
1.855	0.8989	211.756	24.3889
1.865	-0.8	56.9283	14.716
1.865	-0.7	66.7553	12.3796
1.865	-0.5998	91.1647	12.565
1.865	-0.5	116.537	14.5289
1.865	-0.3999	148.579	17.733
1.865	-0.3	184.256	20.6209
1.865	-0.2	228.363	25.1878
1.865	-0.1	257.021	27.5787
1.865	0	276.056	29.0967
1.865	0.1	300.421	32.3515
1.865	0.2	283.987	29.7709
1.865	0.3	277.667	28.9503
1.865	0.4	284.156	29.4055
1.865	0.5	255.426	26.4529
1.865	0.6	260.268	27.114
1.865	0.7	239.638	25.1007
1.865	0.8	239.904	25.5206
1.865	0.8993	221.866	24.6176
1.875	-0.8	82.8371	18.4417
1.875	-0.7	65.0343	10.9961
1.875	-0.6	89.4234	12.3306
1.875	-0.5	124.427	15.1102
1.875	-0.4	159.515	18.7808
1.875	-0.3	189.91	21.1194
1.875	-0.2	244.068	26.0709
1.875	-0.1	259.027	27.4448
1.875	0	287.974	30.2873
1.875	0.1	312.459	33.2937
1.875	0.2	312.111	32.4538
1.875	0.2999	307.867	32.0399
1.875	0.4	282.245	29.231
1.875	0.4999	265.498	27.4841
1.875	0.6	297.054	30.6774
1.875	0.7	253.728	26.5917
1.875	0.8	260.412	27.4204
1.875	0.899	225.627	25.2958
1.885	-0.8	68.1703	17.776
1.885	-0.7	66.0752	11.6326
1.885	-0.5997	85.2751	11.5991
1.885	-0.5	127.206	15.8123
1.885	-0.3999	161.536	19.2088
1.885	-0.3	181.967	19.5425
1.885	-0.2	238.847	25.5912
1.885	-0.1	254.032	26.8652
1.885	0	277.512	29.183
1.885	0.1	287.97	30.8129
1.885	0.2	301.875	31.2686
1.885	0.3	305.423	31.6563
1.885	0.4	280.624	28.9409
1.885	0.5	258.653	26.6931
1.885	0.5999	268.778	28.0111
1.885	0.7	260.401	27.3466
1.885	0.8	253.18	26.8841
1.885	0.899	235.228	26.3641
1.895	-0.8	73.6035	16.7837
1.895	-0.7	70.5492	11.4727
1.895	-0.6	97.6349	13.6684
1.895	-0.5	124.302	16.4573
1.895	-0.3999	157.551	18.6384
1.895	-0.2999	191.12	20.82
1.895	-0.2	219.29	23.4383
1.895	-0.1	271.472	28.8704
1.895	0	292.232	30.8146
1.895	0.1	330.882	35.53
1.895	0.2	317.549	32.8469
1.895	0.3	288.769	29.7561
1.895	0.4	273.753	28.3319
1.895	0.5	270.335	27.8364
1.895	0.6	264.847	27.388
1.895	0.7	260.885	27.2156
1.895	0.8	261.228	27.6423
1.895	0.8989	258.745	29.2539
1.905	-0.8	60.9889	14.1543
1.905	-0.6994	57.8478	10.2089
1.905	-0.5996	83.1353	11.5161
1.905	-0.5	110.369	14.3354
1.905	-0.4	149.535	17.6339
1.905	-0.3	180.775	19.7503
1.905	-0.2	210.366	22.7084
1.905	-0.1	272.258	29.0413
1.905	0	260.448	27.6153
1.905	0.1	303.989	32.2983
1.905	0.2	284.804	29.7222
1.905	0.3	263.989	27.5774
1.905	0.4	238.189	24.7862
1.905	0.4999	241.663	25.1443
1.905	0.6	249.433	26.006
1.905	0.7	240.256	25.1106
1.905	0.8	230.338	24.5511
1.905	0.8991	222.683	25.397
1.915	-0.8	52.6355	12.0917
1.915	-0.7	55.1879	8.9714
1.915	-0.6	74.1835	10.4176
1.915	-0.5	105.529	13.2776
1.915	-0.3999	134.787	15.5428
1.915	-0.3	173.363	18.9643
1.915	-0.2	215.026	23.2097
1.915	-0.1	244.626	26.2242
1.915	0	255.221	27.0164
1.915	0.1	291.285	30.7156
1.915	0.2	274.799	28.5909
1.915	0.3	269.651	28.0682
1.915	0.3999	255.563	26.6953
1.915	0.4999	245.923	25.6283
1.915	0.6	245.54	25.6702
1.915	0.7	228.315	23.9133
1.915	0.8	214.531	23.0287
1.915	0.8985	194.756	22.0846
1.925	-0.8	59.0236	13.4224
1.925	-0.699	48.4066	8.49412
1.925	-0.5996	62.6226	9.12435
1.925	-0.5	101.51	12.9971
1.925	-0.4	131.806	15.452
1.925	-0.3	167.125	18.7026
1.925	-0.2	207.049	22.8866
1.925	-0.1	235.155	25.6524
1.925	0	258.416	27.5822
1.925	0.1	275.997	29.7314
1.925	0.2	255.139	26.8592
1.925	0.3	254.086	26.69
1.925	0.4	246.464	26.045
1.925	0.5	234.612	24.6385
1.925	0.6	227.431	23.8251
1.925	0.7	217.988	22.8301
1.925	0.8	208.153	22.1444
1.925	0.8987	199.884	22.8511
1.935	-0.9	102.457	35.1102
1.935	-0.8	43.9526	9.51371
1.935	-0.6995	41.4454	6.83506
1.935	-0.6	59.5212	8.65647
1.935	-0.5	85.6953	10.8632
1.935	-0.3999	112.35	13.0648
1.935	-0.3	150.424	16.5578
1.935	-0.2	190.196	20.6219
1.935	-0.1	218.13	23.3112
1.935	0	241.016	25.6241
1.935	0.1	245.475	26.4818
1.935	0.2	235.284	24.7515
1.935	0.3	235.241	24.6606
1.935	0.4	227.771	23.884
1.935	0.5	218.046	22.8444
1.935	0.6	209.532	21.9652
1.935	0.7	209.847	21.9241
1.935	0.8	203.254	21.8272
1.935	0.8986	191.339	21.9634
1.945	-0.9	85.4007	28.3797
1.945	-0.8	46.442	10.9798
1.945	-0.7	43.2109	7.77776
1.945	-0.5996	58.671	8.54239
1.945	-0.5	82.0952	10.4471
1.945	-0.3999	115.766	13.4955
1.945	-0.3	143.225	16.0146
1.945	-0.1999	164.295	17.7998
1.945	-0.1	207.554	22.6105
1.945	0	225.816	24.1252
1.945	0.1	240.031	25.8622
1.945	0.2	235.264	25.084
1.945	0.3	222.684	23.7983
1.945	0.4	207.763	22.4489
1.945	0.5	208.921	22.236
1.945	0.6	210.016	22.1081
1.945	0.7	209.974	22.1938
1.945	0.8	206.586	22.6232
1.945	0.8986	208.403	24.034
1.965	-0.9	82.0161	21.9418
1.965	-0.8	40.8484	7.99909
1.965	-0.6998	37.6779	5.59705
1.965	-0.6	45.3568	5.86706
1.965	-0.5	61.9384	7.37856
1.965	-0.4	90.9065	10.2345
1.965	-0.3	122.643	13.2963
1.965	-0.2	159.867	17.3661
1.965	-0.1	179.791	19.4535
1.965	0	193.235	20.6126
1.965	0.1	204.858	21.8991
1.965	0.2	206.215	21.5579
1.965	0.3	208.816	21.9915
1.965	0.4	206.473	21.6147
1.965	0.5	198.99	20.833
1.965	0.6	201.008	20.9534
1.965	0.7	199.687	20.8259
1.965	0.8	199.812	21.051
1.965	0.8998	205.564	22.1889
1.975	-0.9	63.2527	17.211
1.975	-0.8	42.8994	8.17934
1.975	-0.6998	28.1856	4.33799
1.975	-0.6	40.5604	5.33853
1.975	-0.5	57.0245	6.96829
1.975	-0.3999	78.9973	8.89011
1.975	-0.3	105.45	11.6586
1.975	-0.2	143.821	15.7047
1.975	-0.1	159.182	17.2208
1.975	0	185.407	19.7492
1.975	0.1	197.282	21.1653
1.975	0.2	193.742	20.3755
1.975	0.3	201.999	21.2675
1.975	0.3999	178.507	18.7687
1.975	0.4999	179.8	18.839
1.975	0.6	186.12	19.4855
1.975	0.7	203.814	21.1719
1.975	0.7999	196.323	20.6701
1.975	0.8996	182.915	20.2367
1.985	-0.9	75.8965	18.7177
1.985	-0.8	45.9061	7.99881
1.985	-0.6995	31.6895	4.94545
1.985	-0.5997	38.5309	5.03073
1.985	-0.5	56.2029	6.54388
1.985	-0.3999	80.6085	9.20919
1.985	-0.3	102.381	11.3564
1.985	-0.2	119.163	12.9712
1.985	-0.1	154.873	16.5691
1.985	0	173.56	18.5325
1.985	0.1	191.498	20.6591
1.985	0.2	195.549	20.625
1.985	0.3	185.628	19.6488
1.985	0.4	180.946	19.0707
1.985	0.4999	182.343	19.1352
1.985	0.6	192.537	20.1307
1.985	0.7	207.134	21.6678
1.985	0.8	209.976	22.1974
1.985	0.9	221.829	24.3094
1.995	-0.9	55.4814	15.6793
1.995	-0.8	39.0314	7.71274
1.995	-0.6996	27.8434	4.23813
1.995	-0.6	31.1836	4.23819
1.995	-0.5	48.6503	5.80583
1.995	-0.3999	64.2911	7.26602
1.995	-0.3	93.7569	10.2907
1.995	-0.1999	123.1	13.4386
1.995	-0.1	148.385	16.1934
1.995	0	168.258	18.0767
1.995	0.1	180.412	19.4224
1.995	0.1999	172.39	18.2732
1.995	0.3	185.559	19.7698
1.995	0.4	181.364	19.2669
1.995	0.5	185.036	19.5278
1.995	0.6	186.028	19.5216
1.995	0.7	208.533	21.6844
1.995	0.8	204.56	21.6092
1.995	0.8998	205.495	22.3358
2.005	-0.9	74.3629	20.7847
2.005	-0.8	37.4668	7.03084
2.005	-0.6999	29.7243	4.76087
2.005	-0.6	30.5179	4.20744
2.005	-0.5	44.0407	5.44311
2.005	-0.3999	63.381	7.44452
2.005	-0.3	84.7627	9.4848
2.005	-0.2	102.106	11.2371
2.005	-0.1	131.099	14.2381
2.005	0	154.38	16.6681
2.005	0.1	166.37	17.9339
2.005	0.2	168.865	17.8954
2.005	0.3	165.066	17.5463
2.005	0.4	166.973	17.6176
2.005	0.5	180.713	18.9402
2.005	0.6	187.26	19.5728
2.005	0.7	199.048	20.6748
2.005	0.8	215.397	22.7064
2.005	0.8997	218.993	23.6928
2.015	-0.9	63.2863	16.0243
2.015	-0.8	45.5827	9.03885
2.015	-0.7001	24.4672	3.80408
2.015	-0.6	28.6261	3.85307
2.015	-0.5	38.6273	4.77346
2.015	-0.4	50.2849	5.80242
2.015	-0.3	78.1192	8.75209
2.015	-0.2	101.626	11.178
2.015	-0.1	129.176	14.0401
2.015	0	146.613	15.8887
2.015	0.1	153.142	16.632
2.015	0.2	150.844	16.107
2.015	0.3	170.85	18.2544
2.015	0.3999	162.856	17.3381
2.015	0.5	167.473	17.7881
2.015	0.6	191.732	20.1884
2.015	0.7	197.727	20.7492
2.015	0.8	214.522	22.8265
2.015	0.897	212.142	23.7553
2.025	-0.9	54.3347	14.0178
2.025	-0.8	36.0657	6.59783
2.025	-0.7004	24.804	3.87393
2.025	-0.6	24.8357	3.36116
2.025	-0.5	30.421	3.72057
2.025	-0.3999	46.4267	5.33073
2.025	-0.3	70.9987	7.88884
2.025	-0.2	93.9292	10.2842
2.025	-0.1	111.049	12.1877
2.025	0	132.095	14.4069
2.025	0.1	148.862	16.1921
2.025	0.2	146.669	15.6176
2.025	0.3	158.165	16.8898
2.025	0.4	163.042	17.3918
2.025	0.5	162.298	17.2004
2.025	0.6	185.737	19.5838
2.025	0.7	198.574	20.8325
2.025	0.8	210.981	22.33
2.025	0.8998	214.811	23.2534
2.035	-1	157.025	358.672
2.035	-0.9	67.0283	15.2285
2.035	-0.8	44.7902	7.10066
2.035	-0.6996	29.0694	4.33134
2.035	-0.5999	25.2906	3.73868
2.035	-0.5	34.0525	4.32023
2.035	-0.3999	46.8775	5.57534
2.035	-0.2999	64.6624	7.2506
2.035	-0.2	94.7387	10.4661
2.035	-0.1	109.777	12.1117
2.035	0	129.504	14.0542
2.035	0.1	152.252	16.4671
2.035	0.2	149.031	15.8505
2.035	0.3	164.251	17.4937
2.035	0.4	167.344	17.761
2.035	0.5	174.557	18.4339
2.035	0.6	197.719	20.8297
2.035	0.7	205.744	21.6301
2.035	0.8	225.052	23.7349
2.035	0.9	226.096	24.5736
2.045	-0.9	52.1635	13.0008
2.045	-0.8	45.1985	8.2014
2.045	-0.6995	24.9459	3.87271
2.045	-0.5995	27.9684	4.11201
2.045	-0.5	31.0873	4.07482
2.045	-0.3999	43.4293	5.18843
2.045	-0.3	60.9418	6.97605
2.045	-0.2	84.1318	9.2752
2.045	-0.1	94.941	10.574
2.045	0	120.711	13.2215
2.045	0.1	136.1	14.8378
2.045	0.2	136.55	14.7077
2.045	0.3	151.83	16.233
2.045	0.4	149.267	15.9414
2.045	0.5	176.127	18.7215
2.045	0.6	188.374	19.8624
2.045	0.7	213.884	22.4376
2.045	0.8	218.447	22.9795
2.045	0.8999	210.515	22.6254
2.055	-0.9	78.4045	17.0912
2.055	-0.8	46.8242	7.89873
2.055	-0.6999	26.7986	3.93418
2.055	-0.6	25.4012	3.50708
2.055	-0.5	28.2669	3.60962
2.055	-0.3999	37.5921	4.56402
2.055	-0.3	57.5643	6.5695
2.055	-0.2	82.7066	9.2857
2.055	-0.1	96.1144	10.5997
2.055	0	126.69	13.955
2.055	0.1	126.864	13.8011
2.055	0.2	130.014	13.9959
2.055	0.3	148.824	16.0313
2.055	0.4	152.733	16.3818
2.055	0.5	169.845	18.019
2.055	0.6	183.239	19.3223
2.055	0.7	210.123	22.1166
2.055	0.8	210.248	22.2868
2.055	0.8962	206.903	22.6884
2.065	-0.9	70.7612	15.194
2.065	-0.8	51.8592	8.39131
2.065	-0.6998	29.4696	4.14094
2.065	-0.6	23.2631	3.24859
2.065	-0.5	28.273	3.5831
2.065	-0.3999	38.1495	4.58498
2.065	-0.3	53.5802	6.14487
2.065	-0.2	73.9617	8.39785
2.065	-0.1	91.2331	10.0887
2.065	0	116.632	12.9104
2.065	0.1	125.18	13.8279
2.065	0.2	118.717	12.8996
2.065	0.3	143.324	15.5267
2.065	0.4	148.765	15.9657
2.065	0.5	164.537	17.5536
2.065	0.6	182.524	19.2997
2.065	0.7	209.783	22.0905
2.065	0.7999	210.698	22.2552
2.065	0.8968	210.856	23.2356
2.075	-1	10.1275	23.7665
2.075	-0.9	69.2203	15.2677
2.075	-0.8	50.8229	7.77764
2.075	-0.7001	30.4323	4.24762
2.075	-0.5999	24.8459	3.40015
2.075	-0.5	27.5286	3.44865
2.075	-0.3999	35.1155	4.16158
2.075	-0.3	48.8873	5.68718
2.075	-0.2	70.4972	8.08621
2.075	-0.1	85.8911	9.62744
2.075	0	107.223	12.0257
2.075	0.1	116.069	12.7689
2.075	0.2	123.071	13.2786
2.075	0.3	135.123	14.6111
2.075	0.4	145.453	15.6326
2.075	0.5	154.787	16.5232
2.075	0.6	179.037	19.001
2.075	0.7	202.755	21.4592
2.075	0.8	209.037	22.1002
2.075	0.897	198.737	21.6287
2.085	-0.9	84.632	18.5158
2.085	-0.8	56.0441	8.84443
2.085	-0.6998	36.4749	4.99173
2.085	-0.5994	24.6521	3.57951
2.085	-0.5	26.5241	3.42063
2.085	-0.3999	36.1628	4.39636
2.085	-0.3	49.9019	5.80587
2.085	-0.2	69.5463	7.99568
2.085	-0.1	87.8272	9.9424
2.085	0	96.3083	11.0423
2.085	0.1	113.239	12.5653
2.085	0.2	131.935	14.3035
2.085	0.3	140.759	15.3349
2.085	0.4	146.303	15.7666
2.085	0.5	160.143	17.1717
2.085	0.6	190.703	20.3251
2.085	0.7	203.153	21.6038
2.085	0.8	218.249	23.462
2.085	0.8961	216.21	24.0638
2.095	-0.9	60.9304	12.491
2.095	-0.8	60.1976	9.65488
2.095	-0.6993	38.1552	5.35536
2.095	-0.6	28.5634	3.86373
2.095	-0.5	28.0179	3.5899
2.095	-0.3999	34.996	4.29992
2.095	-0.3	47.0695	5.5003
2.095	-0.2	61.9736	7.18081
2.095	-0.1	78.5076	9.0233
2.095	0	99.4796	11.2775
2.095	0.1	115.126	12.6761
2.095	0.2	111.41	12.2029
2.095	0.3	120.473	13.1535
2.095	0.4	136.588	14.6741
2.095	0.5	158.392	16.9797
2.095	0.6	188.332	20.0096
2.095	0.6999	192.944	20.653
2.095	0.8	206.156	22.1236
2.095	0.8958	204.79	23.0579
2.105	-0.9	75.962	15.4166
2.105	-0.8	55.6711	8.7665
2.105	-0.7	35.3198	5.20886
2.105	-0.6	24.7785	3.59902
2.105	-0.5	23.6137	3.25615
2.105	-0.3999	29.4867	3.71915
2.105	-0.3	40.3852	4.91897
2.105	-0.1999	56.7061	6.70848
2.105	-0.1	75.1287	8.45509
2.105	0	93.3944	10.7302
2.105	0.1	96.9511	10.721
2.105	0.2	100.895	11.0426
2.105	0.3	118.309	12.9185
2.105	0.4	134.732	14.5578
2.105	0.4999	149.159	15.9558
2.105	0.6	168.142	17.9735
2.105	0.7	192.494	20.5269
2.105	0.8	202.132	21.646
2.105	0.8961	186.554	20.8774
2.115	-0.9	65.225	13.9559
2.115	-0.8	51.0361	8.02528
2.115	-0.6999	39.9427	6.11524
2.115	-0.6	27.8845	4.24517
2.115	-0.5	25.0767	3.39152
2.115	-0.3999	29.4417	3.88298
2.115	-0.2999	40.0341	4.89397
2.115	-0.1999	54.5249	6.55232
2.115	-0.1	74.651	8.55514
2.115	0	85.8747	9.82303
2.115	0.1	98.7291	11.0362
2.115	0.2	106.627	11.6867
2.115	0.3	121.506	13.3847
2.115	0.4	127.27	13.8235
2.115	0.5	151.809	16.3767
2.115	0.6	168.956	18.1668
2.115	0.7	195.489	21.0154
2.115	0.8	191.935	20.6738
2.115	0.8963	193.249	21.7802
2.125	-1	96.092	172.877
2.125	-0.9	63.9776	12.9933
2.125	-0.8	58.6869	8.51479
2.125	-0.6991	38.48	5.63556
2.125	-0.6	31.4297	4.48669
2.125	-0.5	24.7011	3.35321
2.125	-0.3999	28.9609	3.80935
2.125	-0.2999	38.8911	4.74285
2.125	-0.1999	52.0949	6.09085
2.125	-0.1	63.4802	7.20565
2.125	0	80.9141	9.34891
2.125	0.1	89.0368	9.90975
2.125	0.2	95.2437	10.4931
2.125	0.3	108.352	11.884
2.125	0.4	118.075	12.8347
2.125	0.5	143.867	15.4881
2.125	0.6	161.526	17.2959
2.125	0.7	183.997	19.7854
2.125	0.8	185.293	19.9883
2.125	0.8961	178.449	20.2923
2.135	-0.9	65.4248	13.6892
2.135	-0.8	54.3222	8.45597
2.135	-0.6995	37.2169	5.12732
2.135	-0.6	27.972	3.98427
2.135	-0.5	22.8451	3.1628
2.135	-0.3999	25.9382	3.37829
2.135	-0.3	34.0246	4.21546
2.135	-0.2	49.2412	5.92776
2.135	-0.1	59.3566	6.86619
2.135	0	83.1505	9.68101
2.135	0.1	83.3225	9.295
2.135	0.2	94.6631	10.4522
2.135	0.3	107.476	11.872
2.135	0.4	121.625	13.3135
2.135	0.4999	134.059	14.4628
2.135	0.6	158.763	17.1212
2.135	0.7	180.999	19.5311
2.135	0.8	181.712	19.7314
2.135	0.8961	182.185	20.5269
2.145	-0.9	64.9752	14.0655
2.145	-0.8	61.9567	9.52281
2.145	-0.6996	39.9956	5.6384
2.145	-0.6	30.9769	4.20207
2.145	-0.5	24.4974	3.35422
2.145	-0.3999	26.1838	3.49588
2.145	-0.3	33.9023	4.23729
2.145	-0.1999	47.2725	5.75236
2.145	-0.1	57.5007	6.65981
2.145	0	76.6028	8.97646
2.145	0.1	77.0342	8.67042
2.145	0.2	88.0462	9.81262
2.145	0.3	107.82	11.9319
2.145	0.4	111.334	12.2156
2.145	0.5	133.887	14.5699
2.145	0.6	157.741	17.0224
2.145	0.7	177.945	19.3212
2.145	0.8	180.828	19.6375
2.145	0.896	172.665	19.8447
2.155	-0.9	59.9271	13.2888
2.155	-0.8	58.8819	8.66696
2.155	-0.6994	40.5367	5.72489
2.155	-0.6	30.5134	4.38824
2.155	-0.5	23.0377	3.15041
2.155	-0.3999	23.7787	3.2453
2.155	-0.3	28.7908	3.57235
2.155	-0.2	43.743	5.46491
2.155	-0.1	55.5259	6.50645
2.155	0	66.155	7.8685
2.155	0.1	72.6079	8.21537
2.155	0.2	84.2499	9.45724
2.155	0.3	96.5553	10.7463
2.155	0.3999	106.207	11.6786
2.155	0.4999	125.813	13.7398
2.155	0.6	148.315	16.0517
2.155	0.7	166.469	18.2052
2.155	0.8	172.302	18.8713
2.155	0.896	166.843	19.167
2.165	-0.9	61.4154	13.1131
2.165	-0.8	53.5767	8.52967
2.165	-0.6997	39.5407	5.61757
2.165	-0.5999	28.7172	4.12549
2.165	-0.5	22.8331	3.30425
2.165	-0.3999	21.505	2.94456
2.165	-0.3	28.5582	3.59247
2.165	-0.2	39.8193	4.96812
2.165	-0.1	49.4875	5.90678
2.165	0	66.7349	8.0296
2.165	0.1	68.4711	7.71448
2.165	0.2	78.7747	8.76614
2.165	0.3	87.692	9.74396
2.165	0.4	105.763	11.6188
2.165	0.5	123.277	13.4114
2.165	0.6	146.637	15.8516
2.165	0.7	161.19	17.515
2.165	0.8	173.4	18.8807
2.165	0.8954	165.726	19.087
2.175	-0.9	61.343	12.4944
2.175	-0.8	58.3542	8.46439
2.175	-0.6992	41.4059	5.54568
2.175	-0.6	27.5372	3.96098
2.175	-0.5	22.2432	3.18814
2.175	-0.3999	23.5574	3.25754
2.175	-0.2999	24.2048	3.16064
2.175	-0.2	36.505	4.66143
2.175	-0.1	48.6432	5.82492
2.175	0	56.1307	6.79694
2.175	0.1	63.4413	7.28561
2.175	0.2	79.2708	8.9485
2.175	0.3	88.1631	9.86265
2.175	0.4	107.919	11.9558
2.175	0.5	117.742	12.8942
2.175	0.6	144.655	15.7121
2.175	0.7	176.024	19.1278
2.175	0.8	168.799	18.4284
2.175	0.8957	171.62	19.7944
2.185	-0.9	59.6818	12.9073
2.185	-0.8	55.1971	8.78443
2.185	-0.7	43.7498	6.39085
2.185	-0.6	33.2908	4.72977
2.185	-0.5	24.2908	3.49769
2.185	-0.3999	21.357	2.93783
2.185	-0.3	24.0609	3.20493
2.185	-0.2	34.36	4.47214
2.185	-0.1	45.9807	5.55293
2.185	0	54.7142	6.52786
2.185	0.1	61.6679	7.04217
2.185	0.2	71.8572	8.07681
2.185	0.3	86.5381	9.67307
2.185	0.4	98.8559	10.979
2.185	0.5	119.825	13.0437
2.185	0.6	148.578	16.0726
2.185	0.7	158.894	17.3717
2.185	0.8	172.18	18.8586
2.185	0.8943	173.076	20.4578
2.195	-0.9	75.4596	16.3911
2.195	-0.8	64.8825	9.63487
2.195	-0.6995	49.2405	6.86793
2.195	-0.5999	34.3391	4.5958
2.195	-0.5	25.328	3.62015
2.195	-0.3999	23.5161	3.42427
2.195	-0.3	22.6899	3.17192
2.195	-0.1999	32.1412	4.20711
2.195	-0.1	43.8283	5.36948
2.195	0	53.1705	6.4627
2.195	0.1	62.6202	7.23372
2.195	0.2	68.7974	7.87978
2.195	0.3	81.6572	9.28853
2.195	0.4	100.884	11.2955
2.195	0.5	120.789	13.3601
2.195	0.6	156.411	17.1314
2.195	0.7	180.697	19.8749
2.195	0.8	180.71	19.9631
2.195	0.8948	164.294	19.5725
2.205	-0.9	76.0069	14.9609
2.205	-0.8	66.6227	9.94371
2.205	-0.6996	51.1259	7.1446
2.205	-0.6	36.9928	5.31946
2.205	-0.5	27.8751	3.93165
2.205	-0.3999	23.4295	3.49662
2.205	-0.3	21.5737	3.11805
2.205	-0.2	29.3077	3.99096
2.205	-0.1	41.4753	5.26771
2.205	0	51.2815	6.51879
2.205	0.1	58.987	6.92962
2.205	0.2	74.4017	8.46594
2.205	0.3	84.7224	9.63262
2.205	0.4	94.9447	10.714
2.205	0.4999	126.402	13.9909
2.205	0.6	151.501	16.6092
2.205	0.7	168.803	18.5967
2.205	0.7999	174.504	19.2632
2.205	0.8963	170.409	19.9559
2.215	-0.9	56.6412	12.3718
2.215	-0.8	56.0577	8.86809
2.215	-0.7	47.5165	7.05913
2.215	-0.6	33.177	5.07932
2.215	-0.5	23.5749	3.49232
2.215	-0.3999	20.3066	3.03703
2.215	-0.2999	20.7537	2.90543
2.215	-0.1999	27.6286	3.66187
2.215	-0.1	38.0737	4.68361
2.215	0	43.5574	5.44626
2.215	0.1	52.9062	6.18762
2.215	0.2	60.6003	6.97125
2.215	0.3	72.4763	8.25777
2.215	0.3999	89.2561	9.99537
2.215	0.4999	107.452	11.9119
2.215	0.6	132.257	14.5585
2.215	0.7	157.035	17.3505
2.215	0.8	162.098	17.9428
2.215	0.8942	156.344	18.6981
2.225	-0.9	55.2877	12.6854
2.225	-0.8	52.4543	8.03579
2.225	-0.6991	46.7506	6.56151
2.225	-0.6	33.8688	4.99876
2.225	-0.5	25.9668	3.76468
2.225	-0.4	18.2271	2.61045
2.225	-0.3	18.6333	2.63179
2.225	-0.2	24.0055	3.31452
2.225	-0.1	33.7961	4.28729
2.225	0	39.6094	4.97045
2.225	0.1	49.4238	5.79636
2.225	0.2	55.5456	6.42675
2.225	0.3	68.0375	7.85177
2.225	0.4	80.6109	9.11016
2.225	0.4999	105.883	11.7027
2.225	0.6	128.844	14.2659
2.225	0.7	154.721	17.1468
2.225	0.7999	162.511	18.0284
2.225	0.895	148.894	17.8447
2.235	-0.9	52.3243	11.8545
2.235	-0.8	53.7485	8.81592
2.235	-0.6998	46.1694	6.95957
2.235	-0.6	34.2767	5.00128
2.235	-0.5	25.002	3.75825
2.235	-0.3999	19.3915	2.76902
2.235	-0.3	17.6746	2.53502
2.235	-0.2	22.3956	3.19275
2.235	-0.1	29.4698	3.90155
2.235	0	35.5752	4.5982
2.235	0.1	46.0845	5.45438
2.235	0.2	53.5701	6.23995
2.235	0.3	62.3663	7.18605
2.235	0.4	79.812	9.01607
2.235	0.5	101.042	11.2314
2.235	0.6	117.685	13.0819
2.235	0.7	138.978	15.4732
2.235	0.8	150.247	16.7423
2.235	0.8948	160.392	19.5468
2.245	-0.9	51.6285	11.6233
2.245	-0.8	56.4201	9.37442
2.245	-0.6993	45.4551	6.79595
2.245	-0.6	36.0992	5.14353
2.245	-0.5	24.4532	3.58007
2.245	-0.3999	18.1035	2.67103
2.245	-0.3	18.2649	2.66119
2.245	-0.2	20.7431	2.88918
2.245	-0.1	24.5932	3.36227
2.245	0	33.8359	4.4107
2.245	0.1	42.2803	5.07299
2.245	0.2	50.3898	5.89687
2.245	0.3	59.4774	6.91235
2.245	0.4	77.2632	8.78913
2.245	0.5	98.5986	10.9812
2.245	0.6	111.409	12.3302
2.245	0.7	136.091	15.152
2.245	0.8	144.736	16.1201
2.245	0.8947	134.894	16.4183
2.255	-0.9	49.1346	11.6365
2.255	-0.8	59.7764	9.35593
2.255	-0.6995	52.7392	7.7559
2.255	-0.6	40.7163	5.82875
2.255	-0.5	30.5234	4.21007
2.255	-0.3999	18.9671	2.74979
2.255	-0.3	18.3	2.57377
2.255	-0.2	22.3693	3.19309
2.255	-0.1	30.1701	3.87782
2.255	0	37.0885	4.70397
2.255	0.1	43.5021	5.15706
2.255	0.1999	53.8682	6.26627
2.255	0.3	62.7048	7.22601
2.255	0.4	84.6729	9.57708
2.255	0.4999	100.363	11.1337
2.255	0.6	136.183	14.9849
2.255	0.6999	148.553	16.3961
2.255	0.8	165.008	18.3195
2.255	0.8946	159.68	19.474
2.265	-0.9	53.9026	12.7443
2.265	-0.8	59.4561	10.2001
2.265	-0.7	56.0402	8.49469
2.265	-0.6	43.2227	6.58501
2.265	-0.5	28.3648	4.12652
2.265	-0.3999	19.3911	2.93748
2.265	-0.3	17.9279	2.66594
2.265	-0.2	19.3335	2.79037
2.265	-0.1	26.3707	3.50504
2.265	0	35.617	4.57134
2.265	0.1	40.9655	4.87746
2.265	0.2	53.2466	6.19072
2.265	0.3	60.7571	7.02604
2.265	0.4	79.9512	9.11274
2.265	0.5	96.8919	10.8506
2.265	0.6	135.052	14.9124
2.265	0.7	152.147	16.9054
2.265	0.7999	159.694	17.8033
2.265	0.8946	160.726	19.5882
2.275	-0.9	60.0369	13.7089
2.275	-0.8	59.2221	10.3045
2.275	-0.6989	50.2899	7.79178
2.275	-0.5999	42.0423	6.41743
2.275	-0.5	28.6874	4.27535
2.275	-0.3999	18.7096	2.7908
2.275	-0.3	16.1893	2.46685
2.275	-0.2	20.6923	3.04054
2.275	-0.1	25.2873	3.45899
2.275	0	32.344	4.21366
2.275	0.1	36.9998	4.45998
2.275	0.2	48.3473	5.74364
2.275	0.3	62.6012	7.25797
2.275	0.4	76.8414	8.82872
2.275	0.4999	95.5836	10.7253
2.275	0.6	135.816	15.0988
2.275	0.7	143.391	16.0798
2.275	0.8	164.18	18.4561
2.275	0.8935	158.652	19.6178
2.285	-0.9	41.6895	10.1393
2.285	-0.8	58.4509	11.2578
2.285	-0.6995	49.7399	8.43882
2.285	-0.6	40.9354	6.54717
2.285	-0.5	25.712	3.98582
2.285	-0.3999	19.3263	2.88874
2.285	-0.3	15.6505	2.35192
2.285	-0.2	18.5943	2.66589
2.285	-0.1	20.8495	2.90842
2.285	0	24.9322	3.35367
2.285	0.1	32.2388	3.97995
2.285	0.2	40.9213	4.87689
2.285	0.3	51.7459	6.03464
2.285	0.3999	66.4816	7.61803
2.285	0.5	94.5745	10.6088
2.285	0.6	125.474	13.9707
2.285	0.7	141.756	15.7911
2.285	0.8	159.536	17.9033
2.285	0.8937	145.406	18.0814
2.295	-0.9	50.3583	12.8139
2.295	-0.8	56.021	9.92452
2.295	-0.6997	53.0436	8.18506
2.295	-0.5999	37.842	5.56261
2.295	-0.5	25.9573	3.99209
2.295	-0.4	20.5011	3.16604
2.295	-0.3	15.4221	2.50842
2.295	-0.2	15.4536	2.40158
2.295	-0.1	20.0134	2.89777
2.295	0	23.7127	3.31877
2.295	0.1	32.5148	4.06804
2.295	0.2	40.4667	4.88629
2.295	0.3	48.2364	5.72117
2.295	0.3999	68.5934	7.91618
2.295	0.4999	87.2946	9.80167
2.295	0.6	120.255	13.4561
2.295	0.7	137.519	15.4192
2.295	0.7999	151.623	17.0181
2.295	0.8938	168.047	21.0576
2.305	-0.9	54.3988	12.8641
2.305	-0.8	55.1002	8.78406
2.305	-0.7	46.0814	7.20356
2.305	-0.6	39.3082	6.11917
2.305	-0.5	22.1332	3.66121
2.305	-0.3999	17.0268	2.76908
2.305	-0.3	16.3477	2.55516
2.305	-0.2	13.3558	2.05697
2.305	-0.1	19.4422	2.81086
2.305	0	21.2665	2.94617
2.305	0.1	29.1019	3.63628
2.305	0.2	37.4768	4.51016
2.305	0.3	51.6688	6.09829
2.305	0.4	63.2897	7.35615
2.305	0.5	88.4568	9.99693
2.305	0.6	111.861	12.5478
2.305	0.7	137.913	15.4416
2.305	0.8	144.991	16.3555
2.305	0.894	157.257	19.7173
2.315	-0.9	49.0631	13.1551
2.315	-0.8	50.8634	9.12212
2.315	-0.6997	41.8316	7.16699
2.315	-0.6	35.884	5.6914
2.315	-0.5	24.257	3.87455
2.315	-0.3999	17.1352	2.77821
2.315	-0.3	12.6975	2.06296
2.315	-0.1999	13.0482	1.98936
2.315	-0.1	15.0334	2.31438
2.315	0	19.2281	2.78463
2.315	0.1	26.3222	3.42456
2.315	0.2	33.1368	4.10505
2.315	0.3	41.9121	5.10217
2.315	0.4	60.1078	6.98449
2.315	0.5	83.6967	9.53292
2.315	0.6	110.315	12.4953
2.315	0.7	130.662	14.8132
2.315	0.7999	136.895	15.6533
2.315	0.8948	144.069	18.127
2.325	-0.9	46.933	12.3746
2.325	-0.8	47.0177	8.83335
2.325	-0.6991	44.8707	7.80385
2.325	-0.6	35.0016	5.67489
2.325	-0.5	25.2868	4.08859
2.325	-0.4	17.8332	2.84699
2.325	-0.3	12.3509	2.12133
2.325	-0.2	13.1619	2.19316
2.325	-0.1	16.6676	2.49595
2.325	0	18.5192	2.56148
2.325	0.1	22.9526	2.98469
2.325	0.2	29.9733	3.80592
2.325	0.3	43.3314	5.23059
2.325	0.4	56.3829	6.62253
2.325	0.5	79.4014	9.04857
2.325	0.6	110.856	12.552
2.325	0.6999	128.141	14.4701
2.325	0.7999	149.065	16.892
2.325	0.894	153.152	19.1837
2.335	-0.9	46.6507	11.0005
2.335	-0.8	46.4603	7.60207
2.335	-0.6994	43.8781	7.19014
2.335	-0.6	31.9439	5.42913
2.335	-0.5	24.7024	4.00987
2.335	-0.3999	17.5684	2.74952
2.335	-0.3	12.6764	1.97823
2.335	-0.2	11.784	1.91003
2.335	-0.1	14.7071	2.26867
2.335	0	17.8354	2.571
2.335	0.1	22.7302	3.00656
2.335	0.2	28.1336	3.58669
2.335	0.3	36.9312	4.57763
2.335	0.4	56.6782	6.68766
2.335	0.5	78.9851	9.06397
2.335	0.6	108.904	12.3444
2.335	0.7	132.528	14.8993
2.335	0.8	134.655	15.3418
2.335	0.8938	141.077	18.2333
2.345	-0.9	54.8727	15.0423
2.345	-0.8	46.2393	9.60185
2.345	-0.6995	40.7736	7.38846
2.345	-0.6	34.0071	6.35413
2.345	-0.5	22.1618	3.93893
2.345	-0.3999	15.7412	2.61616
2.345	-0.2999	12.2633	2.1316
2.345	-0.2	9.07987	1.60642
2.345	-0.1	12.2934	1.99133
2.345	0	14.5485	2.17873
2.345	0.1	20.9662	2.76116
2.345	0.2	27.7135	3.51014
2.345	0.3	34.3334	4.24359
2.345	0.4	47.9488	5.71662
2.345	0.5	78.7112	8.97073
2.345	0.6	104.521	11.8731
2.345	0.7	124.903	14.1316
2.345	0.8	141.979	16.1925
2.345	0.8941	141.698	18.5813
2.355	-0.9	42.1232	12.9227
2.355	-0.8	45.9223	9.1606
2.355	-0.6996	43.0421	8.08665
2.355	-0.6	35.1355	6.30973
2.355	-0.5	26.946	4.38921
2.355	-0.4	18.3179	3.00249
2.355	-0.3	11.1898	2.04207
2.355	-0.2	11.5787	2.00997
2.355	-0.1	11.3375	1.99235
2.355	0	14.8626	2.16919
2.355	0.1	19.0931	2.5738
2.355	0.2	28.1514	3.59584
2.355	0.3	36.4836	4.50805
2.355	0.4	54.0609	6.37769
2.355	0.5	82.5659	9.42739
2.355	0.6	112.201	12.736
2.355	0.6999	126.038	14.2797
2.355	0.8	163.234	18.6376
2.355	0.8936	145.139	18.9381
2.365	-0.9	38.9146	11.0268
2.365	-0.8	41.7614	8.74279
2.365	-0.6988	42.1692	7.06665
2.365	-0.5999	32.947	5.50151
2.365	-0.5	24.6842	3.98514
2.365	-0.4	17.2777	2.78302
2.365	-0.3	11.0127	1.86896
2.365	-0.2	9.51264	1.70889
2.365	-0.1	12.014	2.1474
2.365	0	14.5691	2.22978
2.365	0.1	19.6948	2.68641
2.365	0.2	22.5424	3.00465
2.365	0.3	34.6303	4.33696
2.365	0.4	49.839	5.94662
2.365	0.5	75.9763	8.7097
2.365	0.6	104.837	11.9549
2.365	0.7	133.852	15.1024
2.365	0.7999	142.134	16.2414
2.365	0.8931	145.514	19.261
2.375	-0.9	42.5116	10.7277
2.375	-0.8	44.5384	8.26344
2.375	-0.6998	42.9845	7.26579
2.375	-0.6	32.5997	5.8537
2.375	-0.5	23.3497	4.15566
2.375	-0.3999	14.9782	2.76405
2.375	-0.3	11.7673	2.32668
2.375	-0.1999	7.65901	1.55598
2.375	-0.1	11.7313	2.15757
2.375	0	11.3004	1.80289
2.375	0.1	18.6642	2.59616
2.375	0.2	22.9419	3.10289
2.375	0.3	29.0886	3.73665
2.375	0.4	44.7495	5.376
2.375	0.5	72.1286	8.29949
2.375	0.6	104	11.8593
2.375	0.7	128.375	14.5327
2.375	0.8	155.209	17.7074
2.375	0.8956	165.347	22.1661
2.385	-0.9	37.3636	11.5213
2.385	-0.8	36.7187	6.83852
2.385	-0.6996	32.9865	5.526
2.385	-0.6	30.206	5.17467
2.385	-0.5	19.1649	3.34335
2.385	-0.3999	13.691	2.49233
2.385	-0.3	9.32241	1.88351
2.385	-0.2	7.38991	1.51579
2.385	-0.1	8.78336	1.7529
2.385	0	10.6749	1.71698
2.385	0.1	14.2602	2.05928
2.385	0.2	20.0844	2.73738
2.385	0.3	23.1776	3.0839
2.385	0.4	39.5496	4.88133
2.385	0.5	59.7489	6.99926
2.385	0.6	87.7919	10.1803
2.385	0.7	113.16	12.9704
2.385	0.8	137.801	15.8514
2.385	0.8972	134.989	18.6108
2.395	-0.9	29.4979	10.3088
2.395	-0.8	37.8286	7.96776
2.395	-0.6992	36.229	7.17726
2.395	-0.6	28.038	5.46071
2.395	-0.5	21.5636	3.97102
2.395	-0.4	14.3729	2.68176
2.395	-0.3	8.29586	1.78432
2.395	-0.1999	6.61345	1.47338
2.395	-0.1	8.42619	1.809
2.395	0	9.79044	1.69274
2.395	0.1	11.4019	1.77232
2.395	0.2	17.7492	2.47953
2.395	0.3	23.4316	3.12386
2.395	0.4	37.4528	4.61616
2.395	0.5	60.022	7.1045
2.395	0.6	86.0772	10.0558
2.395	0.7	111.934	12.9991
2.395	0.8	132.132	15.3994
2.395	0.8954	130.26	17.8616
2.405	-0.9	30.5668	10.894
2.405	-0.8	33.7835	7.76164
2.405	-0.6982	32.5807	6.51102
2.405	-0.5999	28.7635	5.2242
2.405	-0.5	20.6873	3.51073
2.405	-0.3999	13.177	2.36467
2.405	-0.3	8.5743	1.80121
2.405	-0.2	7.85464	1.59335
2.405	-0.1	8.39484	1.73955
2.405	0	8.88073	1.49726
2.405	0.1	11.2746	1.72641
2.405	0.2	14.2407	2.08463
2.405	0.3	22.9702	3.13123
2.405	0.4	40.2833	5.01489
2.405	0.4999	59.9874	7.13166
2.405	0.6	87.2621	10.2959
2.405	0.7	107.344	12.4427
2.405	0.8	131.32	15.3464
2.405	0.8965	126.059	17.8827
2.415	-0.9	32.7406	9.96937
2.415	-0.8	33.4812	6.35811
2.415	-0.6992	33.2541	6.31272
2.415	-0.6	24.704	4.94974
2.415	-0.5	19.4471	3.5608
2.415	-0.3999	12.4343	2.3648
2.415	-0.3	9.33645	1.95497
2.415	-0.2	6.17551	1.32178
2.415	-0.1	7.40764	1.59078
2.415	0	8.74024	1.51213
2.415	0.1	11.2003	1.74804
2.415	0.2	13.5616	1.98357
2.415	0.3	21.5967	2.96229
2.415	0.3999	36.0877	4.54558
2.415	0.5	54.5553	6.52609
2.415	0.6	86.135	10.1279
2.415	0.7	103.476	11.9854
2.415	0.8	126.488	14.7532
2.415	0.8994	139.326	19.2463
2.425	-0.9	35.3594	10.5608
2.425	-0.8	34.7838	7.38432
2.425	-0.6993	29.3116	5.84827
2.425	-0.6	25.5424	5.29044
2.425	-0.5	18.894	3.68656
2.425	-0.3999	14.1604	2.5788
2.425	-0.3	8.59076	1.70274
2.425	-0.2	6.53795	1.28982
2.425	-0.1	7.24091	1.57898
2.425	0	8.29114	1.41799
2.425	0.1	9.34635	1.50714
2.425	0.2	14.6549	2.13397
2.425	0.3	20.2658	2.69954
2.425	0.4	31.4342	3.93123
2.425	0.5	55.0863	6.54673
2.425	0.6	77.1482	9.0793
2.425	0.6999	106.127	12.2994
2.425	0.7999	134.104	15.6367
2.425	0.8853	137.909	18.3705
2.435	-0.9	49.0829	13.7264
2.435	-0.8	33.3431	6.56093
2.435	-0.6997	32.4131	5.74589
2.435	-0.6	26.5402	4.5581
2.435	-0.5	20.1319	3.78111
2.435	-0.3999	11.7157	2.21705
2.435	-0.3	8.50809	1.73181
2.435	-0.2	7.33716	1.45253
2.435	-0.1	9.03424	1.7974
2.435	0	8.43559	1.45088
2.435	0.1	10.1587	1.57785
2.435	0.2	13.687	2.01931
2.435	0.3	18.5783	2.48975
2.435	0.4	30.7267	3.90606
2.435	0.5	55.6768	6.54696
2.435	0.6	85.1354	9.95917
2.435	0.7	100.318	11.6503
2.435	0.8	129.063	15.0276
2.435	0.8974	139.822	20.5246
2.445	-0.9	36.7802	11.2875
2.445	-0.8	33.0533	7.53868
2.445	-0.6985	33.1802	6.64744
2.445	-0.6	27.1679	5.30747
2.445	-0.5	17.6585	3.36705
2.445	-0.3999	11.3898	2.27187
2.445	-0.3	8.06835	1.78864
2.445	-0.2	7.15864	1.49951
2.445	-0.1	7.44483	1.6254
2.445	0	8.13319	1.37902
2.445	0.1	8.6164	1.46345
2.445	0.1999	12.9013	1.92713
2.445	0.3	18.1151	2.4959
2.445	0.4	30.1296	3.81615
2.445	0.5	48.7322	5.84284
2.445	0.6	79.2218	9.37248
2.445	0.7	109.457	12.6705
2.445	0.8	130.454	15.2708
2.445	0.8868	125.258	17.2797
2.455	-0.9	31.7097	9.7322
2.455	-0.8	32.8861	6.37617
2.455	-0.7	28.8478	5.26529
2.455	-0.6	25.0066	4.59018
2.455	-0.5	17.5134	3.22094
2.455	-0.4	10.7212	2.08328
2.455	-0.3	8.11442	1.69052
2.455	-0.2	7.40642	1.41975
2.455	-0.1	7.58356	1.60648
2.455	0	7.11537	1.2907
2.455	0.1	8.18385	1.35779
2.455	0.2	10.3584	1.57419
2.455	0.3	17.3934	2.39871
2.455	0.4	26.6375	3.38285
2.455	0.4999	44.8656	5.40337
2.455	0.6	76.4274	8.96566
2.455	0.7	103.496	12.0331
2.455	0.7999	129.754	15.1395
2.455	0.886	138.983	18.5933
2.465	-0.9	26.6964	9.91998
2.465	-0.8	31.1785	7.1055
2.465	-0.7	30.2255	6.4976
2.465	-0.6	24.0608	4.39475
2.465	-0.5	15.6302	2.95606
2.465	-0.3999	11.3633	2.12848
2.465	-0.3	7.64095	1.71249
2.465	-0.2	7.85075	1.65953
2.465	-0.1	6.06792	1.42511
2.465	0	6.11625	1.23284
2.465	0.1	9.07826	1.56076
2.465	0.2	10.2576	1.68605
2.465	0.2999	16.8566	2.44648
2.465	0.3999	26.3366	3.44051
2.465	0.5	46.4912	5.69128
2.465	0.6	71.2038	8.48589
2.465	0.6999	99.9117	11.6528
2.465	0.8	125.691	14.9339
2.465	0.8889	135.582	19.0764
2.475	-0.9	44.5295	14.5054
2.475	-0.8	29.8147	6.26998
2.475	-0.7	26.8428	5.6304
2.475	-0.6	22.1697	4.63187
2.475	-0.5	17.0975	3.29423
2.475	-0.4	10.177	2.05983
2.475	-0.2999	7.97905	1.82803
2.475	-0.2	6.54529	1.39588
2.475	-0.1	7.31786	1.65708
2.475	0	7.73118	1.39411
2.475	0.1	7.27531	1.25938
2.475	0.2	8.14507	1.33311
2.475	0.3	15.2553	2.17419
2.475	0.3999	25.241	3.27162
2.475	0.5	45.1996	5.45982
2.475	0.6	69.2262	8.27137
2.475	0.7	102.055	11.8956
2.475	0.8	136.139	15.9293
2.475	0.8841	136.322	18.8265
2.485	-0.9	32.4806	10.3642
2.485	-0.8	30.6702	7.01448
2.485	-0.7	26.3396	6.04553
2.485	-0.5974	22.5065	5.09364
2.485	-0.5	16.3568	3.3852
2.485	-0.3999	8.98977	2.00489
2.485	-0.3	7.15949	1.68148
2.485	-0.2	5.82978	1.31513
2.485	-0.1	6.02861	1.37148
2.485	0	6.37049	1.20738
2.485	0.1	7.19915	1.22475
2.485	0.2	8.77427	1.38971
2.485	0.3	13.6806	1.99636
2.485	0.4	23.678	3.05854
2.485	0.5	39.8701	4.89646
2.485	0.6	66.3776	8.02017
2.485	0.7	93.9487	11.0057
2.485	0.8	130.875	15.4045
2.485	0.8845	141.108	19.6699
2.495	-0.9	20.7797	7.86137
2.495	-0.8	27.583	6.62569
2.495	-0.7	24.5277	5.92195
2.495	-0.5999	17.6824	3.972
2.495	-0.5	13.2374	2.69124
2.495	-0.4	8.33312	1.77477
2.495	-0.3	6.59373	1.54167
2.495	-0.2	5.54674	1.18124
2.495	-0.1	6.56673	1.52024
2.495	0	6.34729	1.18163
2.495	0.1	6.41556	1.16984
2.495	0.2	8.17434	1.39167
2.495	0.3	12.251	1.7837
2.495	0.3999	20.5223	2.77335
2.495	0.5	39.7261	4.89649
2.495	0.5999	63.6825	7.74101
2.495	0.7	92.7613	10.9465
2.495	0.8	111.101	13.1694
2.495	0.8843	123.056	17.47
2.505	-0.9	27.852	9.31621
2.505	-0.8	29.5767	7.27489
2.505	-0.6971	23.473	5.62701
2.505	-0.6	20.2334	4.96175
2.505	-0.5	14.5122	3.25277
2.505	-0.4	9.46081	2.12688
2.505	-0.3	6.26684	1.38686
2.505	-0.2	6.43724	1.38507
2.505	-0.1	4.98036	1.28374
2.505	0	6.03735	1.13444
2.505	0.0999	6.26635	1.1656
2.505	0.2	7.15863	1.20279
2.505	0.3	10.9982	1.73132
2.505	0.4	20.4743	2.74564
2.505	0.5	36.3584	4.50635
2.505	0.5999	64.2544	7.74318
2.505	0.7	85.0011	10.0472
2.505	0.8	135.895	16.014
2.505	0.887	117.128	16.2956
2.515	-0.9	28.2521	11.6882
2.515	-0.8	28.1552	6.92294
2.515	-0.6987	23.9196	5.06541
2.515	-0.6	17.741	3.86445
2.515	-0.5	12.7953	2.7265
2.515	-0.3999	8.12132	1.82427
2.515	-0.2999	6.74917	1.56112
2.515	-0.2	4.80155	1.13387
2.515	-0.1	5.62871	1.31903
2.515	0	5.6172	1.14487
2.515	0.1	5.89485	1.10143
2.515	0.2	7.51928	1.28213
2.515	0.3	10.6976	1.64636
2.515	0.3999	20.123	2.71743
2.515	0.4999	37.1334	4.63145
2.515	0.6	55.1273	6.76536
2.515	0.7	84.6445	10.0186
2.515	0.8	120.221	14.3552
2.515	0.8845	124.348	17.7659
2.525	-0.9	28.4872	13.6231
2.525	-0.8	25.1793	6.14716
2.525	-0.7	22.8043	5.36085
2.525	-0.5979	19.7916	4.30226
2.525	-0.5	13.5434	2.93037
2.525	-0.3999	9.2902	1.90581
2.525	-0.3	6.98426	1.61561
2.525	-0.2	5.4012	1.29177
2.525	-0.1	5.71232	1.40097
2.525	0	5.83197	1.20332
2.525	0.1	4.84882	1.01948
2.525	0.2	5.72522	1.05237
2.525	0.3	8.34497	1.44327
2.525	0.4	16.8677	2.38071
2.525	0.5	32.9638	4.17296
2.525	0.6	50.1341	6.304
2.525	0.7	84.1297	10.0637
2.525	0.7999	124.297	14.9492
2.525	0.8831	133.56	19.2276
2.535	-0.9	20.0952	9.01735
2.535	-0.8	25.5242	8.20002
2.535	-0.7	20.535	6.28291
2.535	-0.6	15.0674	4.29781
2.535	-0.5	11.3846	2.90734
2.535	-0.3999	8.31105	1.92811
2.535	-0.3	4.67894	1.32917
2.535	-0.2	6.235	1.50358
2.535	-0.1	5.11691	1.32631
2.535	0	5.05556	1.04403
2.535	0.1	5.38227	0.990625
2.535	0.2	6.13127	1.13387
2.535	0.3	8.30133	1.3577
2.535	0.4	16.4689	2.33779
2.535	0.5	29.4868	3.78653
2.535	0.6	46.3538	5.74356
2.535	0.7	78.8899	9.47673
2.535	0.8	113.726	13.6432
2.535	0.8855	130.868	18.6503
2.545	-0.9	32.8603	15.9581
2.545	-0.8	26.3732	7.23979
2.545	-0.7	23.6092	6.58735
2.545	-0.6013	16.1248	4.4512
2.545	-0.5	12.1463	2.95198
2.545	-0.4	6.85771	1.81289
2.545	-0.3	5.49021	1.36433
2.545	-0.2	5.44641	1.32023
2.545	-0.1	5.49286	1.2479
2.545	0	6.33843	1.21009
2.545	0.1	5.03038	0.954601
2.545	0.2	4.16192	0.832842
2.545	0.3	7.93002	1.36776
2.545	0.4	15.412	2.14444
2.545	0.4999	26.7399	3.47129
2.545	0.6	50.4728	6.28236
2.545	0.7	83.4064	9.90613
2.545	0.7999	106.496	12.824
2.545	0.8857	132.12	19.1791
2.555	-0.9	26.0026	10.9354
2.555	-0.8	21.4203	5.9371
2.555	-0.7	19.0234	5.16985
2.555	-0.6	13.857	3.68973
2.555	-0.5	9.7009	2.54397
2.555	-0.3999	7.13529	1.67734
2.555	-0.3	4.9281	1.30709
2.555	-0.2	5.01757	1.29275
2.555	-0.1	4.75122	1.09876
2.555	0	5.21202	1.05576
2.555	0.1	4.54341	0.881607
2.555	0.2	5.31418	0.962729
2.555	0.3	7.29381	1.26508
2.555	0.3999	14.6522	2.08929
2.555	0.5	29.218	3.80818
2.555	0.6	48.449	6.01168
2.555	0.7	76.1208	9.15938
2.555	0.8	108.933	13.1258
2.555	0.8854	136.843	19.5813
2.565	-0.9	30.0095	11.8056
2.565	-0.8	24.1562	5.87885
2.565	-0.7	18.7468	4.27565
2.565	-0.5991	14.9236	3.51329
2.565	-0.5	9.91288	2.17905
2.565	-0.3999	6.81341	1.62144
2.565	-0.3	4.96434	1.2723
2.565	-0.1999	4.82237	1.1597
2.565	-0.1	4.90773	1.16402
2.565	0	5.11854	1.0338
2.565	0.1	3.66375	0.778851
2.565	0.2	4.16158	0.845292
2.565	0.3	6.56141	1.16195
2.565	0.4	13.9843	2.00432
2.565	0.4999	27.4774	3.55577
2.565	0.6	45.2716	5.66412
2.565	0.7	83.105	9.95376
2.565	0.8	121.019	14.5957
2.565	0.8853	117.207	17.4502
2.575	-0.9	40.0722	16.0108
2.575	-0.8	20.6007	5.59921
2.575	-0.7	18.4353	4.70923
2.575	-0.5981	11.4934	3.10087
2.575	-0.5	8.4223	2.12097
2.575	-0.4	6.37494	1.65446
2.575	-0.3	4.93715	1.25099
2.575	-0.2	3.50744	0.997249
2.575	-0.1	4.42311	1.14565
2.575	0	4.9292	1.05688
2.575	0.1	3.97546	0.95049
2.575	0.2	3.95698	0.838419
2.575	0.3	6.21741	1.13296
2.575	0.4	11.0828	1.62005
2.575	0.4999	26.0797	3.42249
2.575	0.6	42.686	5.4042
2.575	0.7	76.9767	9.26754
2.575	0.8	106.448	12.9729
2.575	0.8849	142.953	21.0484
2.585	-0.9	14.9793	8.38336
2.585	-0.8	20.0614	7.39789
2.585	-0.7	15.2989	4.7978
2.585	-0.5994	11.0644	3.27319
2.585	-0.5	8.54627	2.20105
2.585	-0.4	5.73299	1.43989
2.585	-0.3	4.48749	1.15268
2.585	-0.2	4.65098	1.19644
2.585	-0.1	4.42033	1.21767
2.585	0	2.93177	0.77332
2.585	0.1	4.31784	0.941847
2.585	0.1999	4.17005	0.892407
2.585	0.3	5.84247	1.11569
2.585	0.3999	9.87172	1.57311
2.585	0.5	23.0871	3.20476
2.585	0.6	44.5974	5.6884
2.585	0.7	74.2366	9.06884
2.585	0.7999	115.388	14.1456
2.585	0.8859	142.42	21.3148
2.595	-0.9	28.8748	11.8544
2.595	-0.8	22.1235	6.26289
2.595	-0.7	15.916	4.17294
2.595	-0.5999	11.8559	3.32181
2.595	-0.5	7.14197	1.93125
2.595	-0.3999	5.78574	1.53892
2.595	-0.3	4.66885	1.33605
2.595	-0.2	4.6789	1.39172
2.595	-0.1	4.07636	1.05908
2.595	0	4.39924	1.01402
2.595	0.1	4.46176	0.954373
2.595	0.2	3.24373	0.769697
2.595	0.3	4.99587	1.00859
2.595	0.3999	10.587	1.65823
2.595	0.4999	22.2856	3.07704
2.595	0.6	40.1837	5.18094
2.595	0.7	76.4872	9.45776
2.595	0.8	106.443	13.1539
2.595	0.8856	126.684	20.0328
2.605	-0.9	31.9845	11.9036
2.605	-0.8	20.4597	5.97548
2.605	-0.7	16.5384	4.99455
2.605	-0.598	10.2359	3.17989
2.605	-0.5	6.58697	1.7261
2.605	-0.4	4.9838	1.28306
2.605	-0.3	4.53017	1.17827
2.605	-0.2	4.59084	1.14113
2.605	-0.1	4.46831	1.03849
2.605	0	3.53202	0.755855
2.605	0.1	3.4729	0.681723
2.605	0.2	3.89754	0.725479
2.605	0.3	4.70833	0.830685
2.605	0.4	9.16995	1.34443
2.605	0.4999	20.6688	2.71023
2.605	0.6	38.4439	4.81537
2.605	0.7	74.7178	8.92835
2.605	0.8	115.225	13.9178
2.605	0.8818	119.8	17.5278
2.615	-0.9	32.7662	12.0147
2.615	-0.8	20.9109	5.68745
2.615	-0.7	18.6652	4.48549
2.615	-0.6008	11.211	3.12662
2.615	-0.5	8.24985	1.99341
2.615	-0.4	5.09813	1.28093
2.615	-0.3	4.8433	1.14276
2.615	-0.2	3.79665	0.920532
2.615	-0.1	4.30869	0.888889
2.615	0	4.03831	0.784269
2.615	0.1	3.7238	0.706639
2.615	0.2	3.13428	0.633297
2.615	0.3	4.73595	0.826412
2.615	0.4	7.73697	1.16036
2.615	0.5	18.762	2.51097
2.615	0.6	35.0806	4.34602
2.615	0.7	71.6603	8.55337
2.615	0.7999	106.929	12.7499
2.615	0.8819	113.655	16.1894
2.625	-0.9	17.6728	9.36369
2.625	-0.8	21.4049	6.18231
2.625	-0.7	15.7016	4.84722
2.625	-0.5974	9.96656	3.08854
2.625	-0.5	6.65866	2.03415
2.625	-0.3999	5.8109	1.51609
2.625	-0.3	2.96069	0.910334
2.625	-0.2021	4.57802	1.26863
2.625	-0.1	4.17454	0.982926
2.625	0	4.34258	0.936146
2.625	0.1	4.50734	0.892988
2.625	0.2	2.51399	0.615669
2.625	0.3	4.59586	0.909348
2.625	0.3999	7.70158	1.2519
2.625	0.5	20.249	2.80176
2.625	0.6	39.1116	5.03119
2.625	0.7	73.7933	9.03468
2.625	0.8	102.378	12.6589
2.625	0.8858	146.936	23.7077
2.635	-0.9	28.5845	14.2405
2.635	-0.8	20.2242	6.9005
2.635	-0.7	13.5775	3.91465
2.635	-0.5978	9.60244	3.16938
2.635	-0.5	6.21277	1.78125
2.635	-0.3999	5.53932	1.43852
2.635	-0.3	3.64772	1.05758
2.635	-0.2	3.13751	1.03504
2.635	-0.1	2.90931	0.878363
2.635	0	4.13387	0.984485
2.635	0.1	3.47301	0.817214
2.635	0.2	2.65191	0.718721
2.635	0.3	3.43085	0.79297
2.635	0.4	6.31874	1.06943
2.635	0.5	17.8231	2.51564
2.635	0.6	35.5671	4.61624
2.635	0.7	66.0773	8.27203
2.635	0.7999	92.6594	11.656
2.635	0.8866	122.922	19.9626
2.645	-0.9	25.5413	16.0908
2.645	-0.8	17.895	7.52795
2.645	-0.7	12.4668	4.06049
2.645	-0.6	8.58565	2.64551
2.645	-0.5	5.6342	1.58992
2.645	-0.3999	3.91294	1.18491
2.645	-0.2999	3.28732	1.04133
2.645	-0.2	4.23839	1.29175
2.645	-0.1	3.23152	0.883363
2.645	0	4.9256	1.04925
2.645	0.1	3.18673	0.750159
2.645	0.2	2.26566	0.59053
2.645	0.2999	2.76968	0.648839
2.645	0.4	6.88407	1.13306
2.645	0.5	15.9499	2.35151
2.645	0.6	33.0091	4.33383
2.645	0.7	58.8183	7.45429
2.645	0.7999	93.8595	11.6713
2.645	0.8864	120.269	19.4644
2.655	-0.9	24.6704	13.2611
2.655	-0.8	19.8322	6.42863
2.655	-0.7	13.443	4.18861
2.655	-0.6	6.34371	1.98492
2.655	-0.5	5.94604	1.67807
2.655	-0.3999	3.35536	0.983569
2.655	-0.3	3.25248	0.933098
2.655	-0.2	3.48351	0.938922
2.655	-0.1	3.99275	0.935834
2.655	0	2.92004	0.736698
2.655	0.1	2.78028	0.65186
2.655	0.2	2.29486	0.535306
2.655	0.3	2.73449	0.617908
2.655	0.4	6.67737	1.10449
2.655	0.5	14.2074	2.08441
2.655	0.6	33.7756	4.41766
2.655	0.7	61.2534	7.61591
2.655	0.7999	89.0161	11.0447
2.655	0.8846	117.472	19.7996
2.665	-0.9	32.1845	16.5942
2.665	-0.8	17.2646	6.83308
2.665	-0.7	12.3453	5.14975
2.665	-0.6	9.06473	3.66562
2.665	-0.5	5.36833	1.90912
2.665	-0.3999	3.22824	1.02953
2.665	-0.3	3.17428	1.06181
2.665	-0.2	3.62937	1.12265
2.665	-0.1	2.98109	0.81967
2.665	0	3.1588	0.778093
2.665	0.1	2.66988	0.655531
2.665	0.2	1.75782	0.485849
2.665	0.3	2.08669	0.556266
2.665	0.3999	6.16375	1.05733
2.665	0.5	15.533	2.25394
2.665	0.6	30.317	3.98953
2.665	0.7	63.0528	7.80288
2.665	0.7999	94.4269	11.6751
2.665	0.8853	112.289	19.645
2.675	-0.9	15.5623	9.53572
2.675	-0.8	15.6405	5.65938
2.675	-0.7	10.6584	3.78235
2.675	-0.5985	6.58994	2.05916
2.675	-0.4974	4.07182	1.39087
2.675	-0.3968	3.07021	0.982694
2.675	-0.3	3.47283	0.937946
2.675	-0.2	3.72849	0.997743
2.675	-0.1	3.74978	0.921748
2.675	0	2.93307	0.709707
2.675	0.0999	3.05944	0.741657
2.675	0.2	1.85226	0.503318
2.675	0.3	2.46375	0.599727
2.675	0.4	5.42871	0.939904
2.675	0.4999	12.7282	1.92555
2.675	0.6	32.7043	4.33452
2.675	0.7	55.5191	7.07582
2.675	0.8	98.6628	12.4252
2.675	0.8883	109.472	20.0041
2.685	-0.9	15.1414	9.51197
2.685	-0.8	17.2805	5.91976
2.685	-0.7	12.5037	4.65575
2.685	-0.6	7.93011	3.23125
2.685	-0.5	4.58283	1.73819
2.685	-0.4	3.31723	1.29262
2.685	-0.3	3.04302	1.07123
2.685	-0.2043	3.20238	1.0609
2.685	-0.1	2.5288	0.797894
2.685	0	3.00222	0.810288
2.685	0.1062	2.71974	0.788373
2.685	0.2	1.81411	0.492632
2.685	0.3	2.44728	0.629427
2.685	0.4	5.05941	0.926935
2.685	0.5	14.4086	2.21859
2.685	0.6	29.3614	3.9527
2.685	0.7	59.5436	7.64449
2.685	0.7999	95.9383	12.3557
2.685	0.8898	97.2313	19.2002
2.695	-0.9	18.5173	10.9139
2.695	-0.8	16.7368	7.07865
2.695	-0.7	11.9909	4.93276
2.695	-0.5975	7.43641	2.9383
2.695	-0.5	3.52345	1.32074
2.695	-0.4018	3.08987	1.0042
2.695	-0.3	3.3753	0.989552
2.695	-0.2	3.48124	1.09569
2.695	-0.1	3.38563	0.924668
2.695	0	3.85172	0.894323
2.695	0.1	2.81663	0.708721
2.695	0.2	1.9413	0.553518
2.695	0.3	1.90326	0.537658
2.695	0.3999	4.62039	0.878327
2.695	0.5	12.5783	1.97758
2.695	0.6	28.9393	3.93742
2.695	0.7	54.0134	7.0102
2.695	0.8	94.4626	12.3709
2.695	0.8957	105.338	23.0192
2.705	-0.9	24.2382	13.1598
2.705	-0.8	18.796	7.91643
2.705	-0.7	10.8564	4.62332
2.705	-0.6008	6.14948	2.49761
2.705	-0.5	4.30096	1.62827
2.705	-0.4	3.47791	1.17468
2.705	-0.3	3.09961	1.09505
2.705	-0.2	4.20642	1.12026
2.705	-0.1	3.64692	0.861192
2.705	0	3.76718	0.802045
2.705	0.1	3.14041	0.687547
2.705	0.2	1.59732	0.491601
2.705	0.3	1.55371	0.444965
2.705	0.3999	4.25021	0.79264
2.705	0.5	11.7602	1.83617
2.705	0.6	30.7043	4.06943
2.705	0.7	53.5843	6.82097
2.705	0.8	92.7823	11.5928
2.705	0.8778	122.711	20.354
2.715	-0.9	34.0279	15.8599
2.715	-0.8	16.6967	5.1282
2.715	-0.7	12.5453	4.15159
2.715	-0.5974	7.39544	2.37062
2.715	-0.5	5.21102	1.69591
2.715	-0.4	3.02104	0.950821
2.715	-0.3	3.43186	1.04968
2.715	-0.2	4.02133	1.24161
2.715	-0.1	3.70141	0.907192
2.715	0	3.04546	0.735049
2.715	0.1	2.71107	0.655353
2.715	0.2	1.41734	0.388909
2.715	0.3	1.72546	0.464196
2.715	0.4	3.62383	0.674964
2.715	0.4999	11.5942	1.78434
2.715	0.6	25.5193	3.46418
2.715	0.7	57.6066	7.26827
2.715	0.8	90.2453	11.4533
2.715	0.8973	127.251	26.9816
2.725	-0.9	9.7507	6.24751
2.725	-0.8	15.2902	4.96869
2.725	-0.7	9.55326	3.50419
2.725	-0.5966	6.01415	2.06555
2.725	-0.4987	3.49092	1.18353
2.725	-0.4	3.04128	0.983107
2.725	-0.3	2.41762	0.786929
2.725	-0.2	2.83464	0.999932
2.725	-0.1	3.00229	0.773884
2.725	0	2.80222	0.706032
2.725	0.1	2.29625	0.596204
2.725	0.2	1.48208	0.452735
2.725	0.3	1.50515	0.428408
2.725	0.4	3.66688	0.749715
2.725	0.5	9.83492	1.62856
2.725	0.6	26.0981	3.54471
2.725	0.7	50.3224	6.56602
2.725	0.8	102.807	13.0292
2.725	0.8751	105.006	19.0258
2.755	-0.9	36.7661	18.2771
2.755	-0.8	14.2969	5.32518
2.755	-0.7	8.40561	3.29591
2.755	-0.5968	4.97864	2.10783
2.755	-0.4987	2.02811	0.859022
2.755	-0.3983	2.7741	0.952036
2.755	-0.3	2.29865	0.732052
2.755	-0.1999	2.28811	0.798159
2.755	-0.1	2.19992	0.637203
2.755	0	2.29003	0.606842
2.755	0.1	1.98601	0.533777
2.755	0.2	1.28028	0.379581
2.755	0.3	1.09203	0.321851
2.755	0.4	2.91362	0.613953
2.755	0.5	9.25445	1.54978
2.755	0.6	23.0729	3.23099
2.755	0.7	48.8509	6.46957
2.755	0.8	81.6315	10.4451
2.755	0.8779	74.6434	15.4557
2.765	-0.9	19.4504	10.4958
2.765	-0.8	14.6167	4.39812
2.765	-0.6987	7.25596	2.23206
2.765	-0.5964	4.51261	1.6889
2.765	-0.5011	2.93291	1.11015
2.765	-0.4013	2.09567	0.733275
2.765	-0.3	2.2143	0.786482
2.765	-0.1999	2.54406	0.919738
2.765	-0.1	2.66102	0.726015
2.765	0	2.54839	0.6998
2.765	0.1	2.05037	0.593635
2.765	0.1955	1.00328	0.408643
2.765	0.3	1.28269	0.424679
2.765	0.4	2.91382	0.670037
2.765	0.5	8.24105	1.43656
2.765	0.6	21.8006	3.14929
2.765	0.7	51.2755	6.74921
2.765	0.8	80.54	10.3407
2.765	0.8784	97.7289	18.7602
2.775	-0.9	43.6134	22.6962
2.775	-0.8	12.066	4.42165
2.775	-0.7	7.81395	2.73517
2.775	-0.6	4.03172	1.78613
2.775	-0.5019	2.34343	0.892444
2.775	-0.3999	2.36138	0.830937
2.775	-0.3	2.08475	0.72991
2.775	-0.2	2.67884	0.86192
2.775	-0.1	2.24433	0.652765
2.775	0	2.43855	0.632464
2.775	0.0999	1.74509	0.47529
2.775	0.2	0.846528	0.325353
2.775	0.3	0.976739	0.315214
2.775	0.4	2.1785	0.509502
2.775	0.5	8.40058	1.4114
2.775	0.6	18.8876	2.72678
2.775	0.7	41.4197	5.55267
2.775	0.7999	83.0367	10.6614
2.775	0.8759	98.0831	19.6256
2.785	-0.9	7.09202	7.96163
2.785	-0.8	12.3501	4.82167
2.785	-0.7	7.74191	3.09145
2.785	-0.5951	4.26636	1.72858
2.785	-0.4988	2.8218	1.10322
2.785	-0.3952	2.10144	0.881153
2.785	-0.3	2.1807	0.814713
2.785	-0.2	2.95317	1.00185
2.785	-0.1	2.44245	0.676089
2.785	0	1.94348	0.540131
2.785	0.0976	1.84941	0.507623
2.785	0.2	0.978533	0.325494
2.785	0.3	0.74806	0.235708
2.785	0.4	1.99879	0.438782
2.785	0.4999	6.54169	1.14958
2.785	0.6	19.1522	2.70013
2.785	0.7	42.8156	5.61812
2.785	0.7999	68.3622	8.81646
2.785	0.8753	94.4655	17.4983
2.795	-0.9	20.6438	13.8922
2.795	-0.8	13.1077	4.48865
2.795	-0.7	7.30122	2.35922
2.795	-0.5999	3.29647	1.23865
2.795	-0.5	2.18315	0.83417
2.795	-0.4016	1.4236	0.587541
2.795	-0.3	1.97879	0.748013
2.795	-0.2	2.32931	0.870022
2.795	-0.1	2.07858	0.618947
2.795	0	2.19035	0.582742
2.795	0.1	1.67793	0.489626
2.795	0.1972	1.04033	0.358545
2.795	0.3	0.84929	0.298207
2.795	0.4	2.04202	0.479649
2.795	0.5	6.43427	1.16371
2.795	0.6	18.1863	2.68335
2.795	0.6999	44.1129	5.83472
2.795	0.8	74.5658	9.58473
2.795	0.8728	115.865	21.667
2.805	-0.9	11.4852	8.57497
2.805	-0.8	11.4113	5.00343
2.805	-0.7	8.08585	3.30196
2.805	-0.598	4.02407	1.85475
2.805	-0.5049	2.29097	1.11118
2.805	-0.3979	1.96356	0.846027
2.805	-0.3	2.29321	0.885171
2.805	-0.2	1.93199	0.711623
2.805	-0.1	2.47675	0.644729
2.805	0	2.12306	0.564811
2.805	0.1	1.59636	0.443086
2.805	0.2	1.10083	0.358181
2.805	0.3	0.654068	0.240921
2.805	0.4	2.16872	0.494297
2.805	0.5	6.26811	1.10757
2.805	0.6	17.0338	2.49279
2.805	0.7	43.1241	5.84216
2.805	0.8	74.0669	9.80356
2.805	0.8766	107.955	23.244
2.815	-0.9	10.0596	8.10251
2.815	-0.8	11.5623	4.05988
2.815	-0.7	8.03179	3.03191
2.815	-0.5989	4.3283	1.43186
2.815	-0.4985	2.45064	1.11677
2.815	-0.3999	1.54872	0.678312
2.815	-0.3	2.09616	0.836686
2.815	-0.2	1.65283	0.598556
2.815	-0.0999	2.40666	0.664171
2.815	0	2.28468	0.630196
2.815	0.1	1.39406	0.418683
2.815	0.1975	1.04881	0.421494
2.815	0.3	0.697411	0.252517
2.815	0.4029	1.74118	0.509632
2.815	0.5	4.923	0.977667
2.815	0.6	17.9202	2.60033
2.815	0.7	42.0877	5.62907
2.815	0.7999	75.0546	9.76266
2.815	0.8752	77.6001	17.2349
2.825	-0.9	9.23716	8.70228
2.825	-0.8	10.4558	4.71748
2.825	-0.7	7.74656	3.08014
2.825	-0.5961	3.44945	1.54166
2.825	-0.5013	2.36967	1.03564
2.825	-0.393	1.62729	0.708651
2.825	-0.3	2.1248	0.753861
2.825	-0.1999	1.77102	0.712828
2.825	-0.1	1.78032	0.556998
2.825	0	1.9323	0.566678
2.825	0.1	1.29116	0.439342
2.825	0.2	1.20306	0.381423
2.825	0.2978	0.580282	0.267315
2.825	0.4025	1.81869	0.487378
2.825	0.5	5.12253	1.02873
2.825	0.6	16.2423	2.43659
2.825	0.7	40.8698	5.51588
2.825	0.8	71.0965	9.37983
2.825	0.8771	102.891	21.5113
2.835	-0.9	13.4859	10.6578
2.835	-0.8	10.3712	4.08355
2.835	-0.7	5.94069	2.1801
2.835	-0.5994	3.51269	1.1426
2.835	-0.5	1.69616	0.668233
2.835	-0.4	1.20106	0.482837
2.835	-0.3	1.56818	0.607595
2.835	-0.2	1.78357	0.72451
2.835	-0.1	1.85358	0.556685
2.835	0	1.49961	0.472223
2.835	0.1	1.26189	0.392782
2.835	0.2046	0.761167	0.293035
2.835	0.3012	0.586696	0.225372
2.835	0.4	1.23653	0.353492
2.835	0.5	5.13529	1.01517
2.835	0.6	14.6238	2.22135
2.835	0.6999	36.3903	5.08482
2.835	0.8	66.5835	8.94666
2.835	0.876	68.9615	17.0775
