1.625	-0.1	79.0523	13.3213
1.625	0	60.463	10.7907
1.625	0.1	53.492	9.86761
1.625	0.2	82.3468	13.3372
1.625	0.3	85.4503	12.6687
1.625	0.4	80.4051	11.9844
1.625	0.5	77.9382	13.5123
1.625	0.6	91.0048	16.5999
1.625	0.7	115.562	23.8732
1.635	-0.5	65.54	13.3372
1.635	-0.4	73.1794	12.1117
1.635	-0.3	87.5511	13.6396
1.635	-0.2	74.4686	12.1435
1.635	-0.1	67.2111	10.6793
1.635	0	75.7578	9.72437
1.635	0.1	84.6227	9.77211
1.635	0.2	97.2914	10.6156
1.635	0.3	88.5538	11.4592
1.635	0.4	100.188	15.072
1.635	0.5	89.0631	13.2894
1.635	0.6	83.2062	10.9817
1.635	0.7	94.8086	11.4751
1.635	0.8	74.7869	17.4911
1.645	-0.5	91.6096	14.1648
1.645	-0.4	80.1504	11.3159
1.645	-0.3	81.6306	11.9366
1.645	-0.2	91.0207	13.3531
1.645	-0.1	65.6196	10.8544
1.645	0	101.063	11.5228
1.645	0.1	105.504	10.3928
1.645	0.2	111.997	12.3982
1.645	0.3	134.438	17.507
1.645	0.4	107.652	11.4432
1.645	0.5	111.504	10.3451
1.645	0.6	165.171	13.5759
1.645	0.7	162.163	14.8492
1.645	0.8	172.206	18.0482
1.655	-0.1	101.716	11.1249
1.655	0	111.886	10.5361
1.655	0.1	129.632	10.8066
1.655	0.2	144.051	16.202
1.655	0.3	151.006	14.5627
1.655	0.4	138.528	9.48563
1.655	0.5	157.388	10.5997
1.655	0.6	162.036	11.5546
1.655	0.7	149.446	12.0799
1.655	0.8	179.766	16.2179
1.665	0	143.446	12.1913
1.665	0.1	166.778	13.6873
1.665	0.2	161.813	20.34
1.665	0.3	167.606	13.1621
1.665	0.4	161.017	10.7907
1.665	0.5	174.816	12.3186
1.665	0.6	191.336	13.6873
1.665	0.7	211.549	16.2656
1.665	0.8	203.702	18.0959
1.675	-0.5	167.383	21.8838
1.675	-0.4	176.391	15.1356
1.675	-0.3	157.309	13.4486
1.675	-0.2	177.171	14.1011
1.675	-0.1	187.405	14.2285
1.675	0	166.285	9.46972
1.675	0.1	186.482	10.4883
1.675	0.2	182.455	18.0004
1.675	0.3	217.708	10.8225
1.675	0.4	204.387	9.69254
1.675	0.5	214.477	12.3504
1.675	0.6	226.891	13.0348
1.675	0.7	255.062	16.2816
1.675	0.8	260.553	18.0959
1.685	-0.5	151.85	14.0056
1.685	-0.4	153.441	11.8252
1.685	-0.3	188.217	12.7642
1.685	-0.2	194.646	13.1621
1.685	-0.1	203.862	11.1886
1.685	0	177.585	8.88085
1.685	0.1	194.615	8.80127
1.685	0.2	205.565	14.3876
1.685	0.3	204.737	9.05592
1.685	0.4	224.918	9.13549
1.685	0.5	224.042	9.5493
1.685	0.6	260.027	12.9552
1.685	0.7	305.371	15.5972
1.685	0.8	289.614	17.2046
1.695	-0.5	131.796	12.9393
1.695	-0.4	151.006	69.6939
1.695	-0.3	173.208	9.26282
1.695	-0.2	164.375	8.67394
1.695	-0.1	170.55	9.05592
1.695	0	163.102	7.94183
1.695	0.1	221.432	8.81718
1.695	0.2	203.432	12.7165
1.695	0.3	228.594	8.3238
1.695	0.4	251.767	8.73761
1.695	0.5	255.062	8.88085
1.695	0.6	270.532	10.1859
1.695	0.7	300.357	18.6211
1.695	0.8	311.403	37.847
1.705	-0.5	168.816	62.7389
1.705	-0.4	155.574	67.0997
1.705	-0.3	149.224	13.4804
1.705	-0.2	163.579	24.9077
1.705	-0.1	179.017	11.3
1.705	0	156.672	8.06916
1.705	0.1	204.212	8.35563
1.705	0.2	239.846	12.8597
1.705	0.3	233.512	9.00817
1.705	0.4	254.966	9.29465
1.705	0.5	271.932	9.48563
1.705	0.6	308.872	11.2682
1.705	0.7	341.021	12.9711
1.705	0.8	383.293	18.3506
1.705	0.88	418.196	33.343
1.715	-0.5	125.255	40.9983
1.715	-0.4	135.775	20.9448
1.715	-0.3	141.218	19.767
1.715	-0.2	165.473	10.2814
1.715	-0.1	158.837	8.80127
1.715	0	158.709	9.9631
1.715	0.1	211.851	8.10099
1.715	0.2	238.319	11.2204
1.715	0.3	241.358	8.10099
1.715	0.4	263.019	8.72169
1.715	0.5	305.498	9.29465
1.715	0.6	324.947	9.97901
1.715	0.7	334.591	14.4513
1.715	0.8	415.776	28.4569
1.715	0.88	418.387	30.128
1.725	-0.5	101.445	35.2051
1.725	-0.4	115.324	12.7642
1.725	-0.3	126.035	9.78803
1.725	-0.2	134.9	9.50155
1.725	-0.1	158.789	11.2841
1.725	0	163.325	8.24423
1.725	0.1	198.864	9.37423
1.725	0.2	231.109	11.109
1.725	0.3	251.751	11.7297
1.725	0.4	278.887	8.92859
1.725	0.5	318.533	9.43789
1.725	0.6	317.705	9.77211
1.725	0.7	353.276	11.8411
1.725	0.8	417.766	21.1994
1.725	0.89	564.745	165.728
1.735	-0.4	79.6889	16.0746
1.735	-0.3	112.061	6.87549
1.735	-0.2	140.009	6.87549
1.735	-0.1	153.935	10.8703
1.735	0	165.553	8.43521
1.735	0.1	194.44	7.33704
1.735	0.2	235.581	10.9339
1.735	0.3	226.971	11.3318
1.735	0.4	271.311	8.4193
1.735	0.5	316.798	8.91268
1.735	0.6	323.88	8.8331
1.735	0.7	365.356	10.9817
1.735	0.8	405.24	20.0535
1.745	-0.4	156.354	28.2977
1.745	-0.3	101.939	8.8331
1.745	-0.2	135.632	6.87549
1.745	-0.1	162.545	7.4007
1.745	0	170.566	7.62352
1.745	0.1	196.047	7.48028
1.745	0.2	244.319	10.1382
1.745	0.3	230.568	7.13014
1.745	0.4	259.279	7.59169
1.745	0.5	293.004	8.59437
1.745	0.6	336.135	9.64479
1.745	0.7	343.043	13.1621
1.745	0.8	392.397	16.5044
1.745	0.89	349.663	31.2103
1.755	-0.4	112.347	14.0534
1.755	-0.3	112.538	8.91268
1.755	-0.2	143.319	10.1223
1.755	-0.1	151.993	17.698
1.755	0	145.07	15.3903
1.755	0.1	186.259	13.6396
1.755	0.2	224.281	10.2496
1.755	0.3	234.26	7.16197
1.755	0.4	249.316	7.7031
1.755	0.5	311.259	8.84901
1.755	0.6	314.124	13.4486
1.755	0.7	331.01	10.2018
1.755	0.8	372.534	16.9023
1.755	0.89	344.029	31.64
1.765	-0.5	94.4585	21.4063
1.765	-0.4	99.5514	12.5892
1.765	-0.3	112.936	13.6714
1.765	-0.2	122.629	13.1939
1.765	-0.1	138.719	14.0534
1.765	0	154.953	6.74817
1.765	0.1	183.012	6.55718
1.765	0.2	221.973	9.16732
1.765	0.3	235.215	6.74817
1.765	0.4	238.287	6.89141
1.765	0.5	269.704	7.59169
1.765	0.6	318.087	8.78535
1.765	0.7	317.116	11.0454
1.765	0.8	367.918	14.8492
1.765	0.89	422.063	44.1178
1.775	-0.5	94.8404	11.5706
1.775	-0.4	106.188	9.37423
1.775	-0.3	122.295	6.00014
1.775	-0.2	136.268	5.68183
1.775	-0.1	163.627	7.01873
1.775	0	159.266	6.73225
1.775	0.1	195.49	7.24155
1.775	0.2	229.867	8.91268
1.775	0.3	241.231	6.63676
1.775	0.4	250.765	10.4883
1.775	0.5	257.99	14.7537
1.775	0.6	303.97	12.4618
1.775	0.7	334.703	19.6079
1.775	0.8	335.897	16.5839
1.785	-0.5	73.9434	19.592
1.785	-0.4	98.1031	12.7961
1.785	-0.3	117.695	11.3159
1.785	-0.2	132.687	5.66592
1.785	-0.1	160.046	7.81451
1.785	0	172.683	6.82775
1.785	0.1	209.384	7.43254
1.785	0.2	230.249	9.13549
1.785	0.3	206.504	7.95775
1.785	0.4	234.021	12.3823
1.785	0.5	279.094	8.24423
1.785	0.6	288.102	7.97366
1.785	0.7	326.093	9.7562
1.785	0.8	327.62	13.9579
1.795	-0.6	98.692	31.5923
1.795	-0.5	110.931	8.00549
1.795	-0.4	114.767	6.28662
1.795	-0.3	119.525	5.92056
1.795	-0.2	140.868	5.88873
1.795	-0.1	163.261	6.93916
1.795	0	171.33	9.21507
1.795	0.1	207.379	12.43
1.795	0.2	208.238	14.5786
1.795	0.3	231.491	7.55986
1.795	0.4	255.125	9.11958
1.795	0.5	277.216	7.81451
1.795	0.6	317.673	7.86225
1.795	0.7	314.045	20.9607
1.805	-0.6	104.979	27.693
1.805	-0.5	110.056	17.2842
1.805	-0.4	115.244	12.7324
1.805	-0.3	115.371	7.00282
1.805	-0.2	138.242	5.53859
1.805	-0.1	158.439	6.28662
1.805	0	174.864	6.42986
1.805	0.1	200.249	6.87549
1.805	0.2	223.66	14.0216
1.805	0.3	222.18	7.60761
1.805	0.4	255.682	6.9869
1.805	0.5	267.253	7.11423
1.805	0.6	301.026	7.1938
1.805	0.7	324.692	8.5307
1.805	0.8	344.57	13.8465
1.805	0.89	388.8	32.6745
1.815	-0.7	83.3972	38.7065
1.815	-0.6	102.209	14.3717
1.815	-0.5	108.082	9.7562
1.815	-0.4	122.422	6.39803
1.815	-0.3	123.632	5.90465
1.815	-0.2	144.879	5.98423
1.815	-0.1	170.041	7.1938
1.815	0	180.195	7.14606
1.815	0.1	221.082	8.4193
1.815	0.2	232.78	10.0268
1.815	0.3	231.618	6.63676
1.815	0.4	269.29	7.75085
1.815	0.5	287.338	8.1169
1.815	0.6	318.485	8.61028
1.815	0.7	335.721	9.32648
1.815	0.8	340.91	15.263
1.815	0.89	355.886	26.8654
1.825	-0.7	79.6093	31.9424
1.825	-0.6	99.5992	11.5865
1.825	-0.5	118.077	6.68451
1.825	-0.4	109.865	5.4431
1.825	-0.3	114.003	6.65268
1.825	-0.2	137.367	5.18845
1.825	-0.1	159.457	6.41394
1.825	0	176.296	6.30254
1.825	0.1	197.288	6.87549
1.825	0.2	208.445	7.22563
1.825	0.3	230.504	6.07972
1.825	0.4	249.316	6.68451
1.825	0.5	267.603	6.73225
1.825	0.6	287.593	6.60493
1.825	0.7	332.459	8.30789
1.825	0.8	344.793	14.3239
1.825	0.89	367.887	29.0139
1.835	-0.6	95.5566	30.1599
1.835	-0.5	119.414	15.5654
1.835	-0.4	116.995	7.01873
1.835	-0.3	121.117	5.4431
1.835	-0.2	134.852	5.15662
1.835	-0.1	160.142	6.42986
1.835	0	175.023	6.3662
1.835	0.1	218.106	7.4962
1.835	0.2	223.692	7.30521
1.835	0.3	230.472	5.92056
1.835	0.4	247.104	6.60493
1.835	0.5	265.12	7.11423
1.835	0.6	285.715	6.66859
1.835	0.7	326.013	7.97366
1.835	0.8	359.404	13.178
1.845	-0.7	98.9785	12.239
1.845	-0.6	101.429	7.65535
1.845	-0.5	111.902	6.19113
1.845	-0.4	118.411	5.66592
1.845	-0.3	123.982	5.10887
1.845	-0.2	138.21	4.90197
1.845	-0.1	162.975	5.90465
1.845	0	175.293	5.8569
1.845	0.1	208.636	6.89141
1.845	0.2	215.321	6.73225
1.845	0.3	239.019	5.92056
1.845	0.4	241.311	6.33437
1.845	0.5	274.049	6.63676
1.845	0.6	274.272	6.17521
1.845	0.7	301.997	7.30521
1.845	0.8	318.437	11.5865
1.845	0.89	284.33	19.8944
1.855	-0.6	110.39	6.90732
1.855	-0.5	110.708	6.3662
1.855	-0.4	116.199	5.18845
1.855	-0.3	129.632	5.04521
1.855	-0.2	142.157	5.20437
1.855	-0.1	160.667	7.22563
1.855	0	181.071	8.89676
1.855	0.1	204.53	7.35296
1.855	0.2	218.201	7.03465
1.855	0.3	228.642	5.71366
1.855	0.4	256.558	7.24155
1.855	0.5	274.908	7.27338
1.855	0.6	295.598	7.35296
1.855	0.7	317.88	7.81451
1.855	0.8	311.45	11.8093
1.865	-0.7	98.4214	9.04
1.865	-0.6	112.745	6.62085
1.865	-0.5	120.608	6.23887
1.865	-0.4	124.093	5.74549
1.865	-0.3	125.335	5.2362
1.865	-0.2	142.921	5.10887
1.865	-0.1	167.256	5.98423
1.865	0	187.309	6.23887
1.865	0.1	223.549	7.67127
1.865	0.2	222.849	6.55718
1.865	0.3	219.65	5.49085
1.865	0.4	253.152	6.5731
1.865	0.5	266.632	6.42986
1.865	0.6	286.049	6.30254
1.865	0.7	312.469	7.60761
1.865	0.8	316.702	12.2072
1.865	0.89	311.275	21.9952
1.875	-0.8	108.942	26.7539
1.875	-0.7	120.783	38.038
1.875	-0.6	126.258	12.3186
1.875	-0.5	139.101	8.1169
1.875	-0.4	124.937	8.08507
1.875	-0.3	138.847	5.72958
1.875	-0.2	140.868	5.10887
1.875	-0.1	174.147	6.12747
1.875	0	188.296	6.25479
1.875	0.1	230.504	8.03732
1.875	0.2	224.981	6.62085
1.875	0.3	224.775	6.22296
1.875	0.4	251.847	6.49352
1.875	0.5	267.969	6.50944
1.875	0.6	288.293	6.47761
1.875	0.7	299.243	7.17789
1.875	0.8	319.567	11.7297
1.875	0.89	373.473	25.4011
1.885	-0.7	113.637	10.4883
1.885	-0.6	118.857	7.79859
1.885	-0.5	131.096	9.78803
1.885	-0.4	127.228	5.26803
1.885	-0.3	126.369	4.79056
1.885	-0.2	150.37	5.12479
1.885	-0.1	174.561	6.04789
1.885	0	167.336	5.63408
1.885	0.1	218.965	7.81451
1.885	0.2	198.753	5.69775
1.885	0.3	223.422	5.61817
1.885	0.4	243.157	6.33437
1.885	0.5	242.584	7.92592
1.885	0.6	272.983	9.26282
1.885	0.7	295.296	7.60761
1.885	0.8	303.89	11.0294
1.885	0.89	359.786	26.8335
1.895	-0.8	131.557	19.6716
1.895	-0.7	124.316	10.8385
1.895	-0.6	132.99	7.87817
1.895	-0.5	139.722	6.62085
1.895	-0.4	137.016	5.42718
1.895	-0.3	145.42	5.39535
1.895	-0.2	143.367	4.79056
1.895	-0.1	163.468	5.84099
1.895	0	175.532	5.87282
1.895	0.1	203.75	7.30521
1.895	0.2	197.957	5.72958
1.895	0.3	216.307	5.57042
1.895	0.4	232.048	8.27606
1.895	0.5	255.173	8.67394
1.895	0.6	279.667	6.39803
1.895	0.7	301.089	7.1938
1.895	0.8	324.024	11.6661
1.895	0.89	339.223	26.4834
1.905	-0.8	113.271	16.6794
1.905	-0.7	113.684	12.4937
1.905	-0.5	123.998	8.49887
1.905	-0.4	116.661	5.61817
1.905	-0.3	119.923	4.59958
1.905	-0.2	125.589	4.45634
1.905	-0.1	140.979	5.37944
1.905	0	155.781	5.52268
1.905	0.1	181.389	7.01873
1.905	0.2	185.845	5.77732
1.905	0.3	214.541	7.43254
1.905	0.4	234.117	7.00282
1.905	0.5	256.781	6.01606
1.905	0.6	275.402	6.11155
1.905	0.7	296.728	6.76409
1.905	0.8	330.867	11.1568
1.905	0.89	349.075	22.7114
1.915	-0.8	124.873	14.4035
1.915	-0.7	106.363	8.19648
1.915	-0.6	119.334	6.44578
1.915	-0.5	107.668	5.31578
1.915	-0.4	110.597	4.59958
1.915	-0.3	111.743	4.23352
1.915	-0.2	121.785	4.15394
1.915	-0.1	136.666	7.60761
1.915	0	160.046	7.60761
1.915	0.1	171.84	10.4883
1.915	0.2	186.164	6.20704
1.915	0.3	204.594	5.80916
1.915	0.4	231.65	6.14338
1.915	0.5	260.187	5.95239
1.915	0.6	277.487	5.74549
1.915	0.7	319.87	6.79592
1.915	0.8	326.172	10.6316
1.915	0.89	397.999	24.7963
1.925	-0.8	142.364	17.8254
1.925	-0.7	118.602	9.59704
1.925	-0.6	113.557	6.70042
1.925	-0.5	99.4082	5.45901
1.925	-0.4	96.9094	4.56775
1.925	-0.3	111.568	4.56775
1.925	-0.2	112.618	4.36085
1.925	-0.1	129.425	5.1407
1.925	0	146.263	5.12479
1.925	0.1	160.587	6.50944
1.925	0.2	185.591	5.28394
1.925	0.3	216.037	5.57042
1.925	0.4	230.95	6.33437
1.925	0.5	250.001	6.03197
1.925	0.6	289.232	6.38211
1.925	0.7	305.641	7.14606
1.925	0.8	329.244	9.61296
1.925	0.89	400.084	26.2765
1.935	-0.8	127.626	14.5308
1.935	-0.7	108.369	7.62352
1.935	-0.6	103.148	6.60493
1.935	-0.5	108.034	7.38479
1.935	-0.4	85.1638	9.21507
1.935	-0.3	81.8852	4.48817
1.935	-0.2	105.87	3.96296
1.935	-0.1	119.7	4.63141
1.935	0	137.001	4.58366
1.935	0.1	170.773	6.63676
1.935	0.2	173.001	4.63141
1.935	0.3	206.36	5.06113
1.935	0.4	220.541	5.69775
1.935	0.5	241.04	5.61817
1.935	0.6	269.115	5.8569
1.935	0.7	317.689	6.89141
1.935	0.8	320.793	8.57845
1.935	0.89	403.06	22.3294
1.945	-0.8	153.282	17.7776
1.945	-0.7	105.504	10.0904
1.945	-0.6	98.4851	6.14338
1.945	-0.5	101.223	6.70042
1.945	-0.4	87.6944	4.80648
1.945	-0.3	89.4292	4.87014
1.945	-0.2	96.6707	6.46169
1.945	-0.1	109.912	4.75873
1.945	0	137.16	4.85423
1.945	0.1	165.76	6.74817
1.945	0.2	168.688	4.75873
1.945	0.3	202.7	5.41127
1.945	0.4	234.817	6.62085
1.945	0.5	244.494	7.09831
1.945	0.6	284.569	6.39803
1.945	0.7	323.801	7.27338
1.945	0.8	331.615	9.42197
1.945	0.89	374.126	20.0854
1.965	-0.9	163.739	35.1732
1.965	-0.8	141.441	18.9235
1.965	-0.69	123.584	44.0223
1.965	-0.6	96.4956	12.812
1.965	-0.5	76.8718	8.30789
1.965	-0.4	71.6356	2.56239
1.965	-0.3	76.4899	2.43507
1.965	-0.2	84.0497	2.43507
1.965	-0.1	98.1986	2.86479
1.965	0	118.141	2.92845
1.965	0.1	145.038	4.12211
1.965	0.2	157.802	3.03986
1.965	0.3	190.349	3.43775
1.965	0.4	217.453	3.8993
1.965	0.5	227.56	3.78789
1.965	0.6	272.648	4.77465
1.965	0.7	303.827	4.71099
1.965	0.8	353.738	6.5731
1.965	0.89	352.878	14.6582
1.975	-0.9	133.404	27.1518
1.975	-0.8	124.746	9.9631
1.975	-0.7	106.156	4.63141
1.975	-0.6	81.2963	3.45366
1.975	-0.5	68.1501	2.89662
1.975	-0.4	59.1579	2.38732
1.975	-0.3	62.9935	2.30775
1.975	-0.2	73.5455	2.33958
1.975	-0.1	94.4266	2.92845
1.975	0	98.9307	2.72155
1.975	0.1	137.669	4.13803
1.975	0.2	144.083	2.91254
1.975	0.3	184.874	3.51732
1.975	0.4	206.933	3.91521
1.975	0.5	226.111	3.81972
1.975	0.6	255.762	4.05845
1.975	0.7	286.463	4.61549
1.975	0.8	308.601	6.03197
1.975	0.89	344.809	15.8677
1.985	-0.9	98.0076	20.8334
1.985	-0.8	147.632	12.3982
1.985	-0.7	91.2276	5.57042
1.985	-0.6	76.6649	3.35817
1.985	-0.5	63.1209	2.96028
1.985	-0.4	56.5478	3.67648
1.985	-0.3	56.2772	2.06901
1.985	-0.2	66.6223	2.18042
1.985	-0.1	80.2618	2.62606
1.985	0	107.35	2.8807
1.985	0.1	128.327	3.85155
1.985	0.2	146.136	2.94437
1.985	0.3	176.694	3.32634
1.985	0.4	198.753	3.74014
1.985	0.5	241.39	3.99479
1.985	0.6	258.452	4.50408
1.985	0.7	296.792	4.67916
1.985	0.8	298.002	5.79324
1.985	0.89	291.954	11.6183
1.995	-0.9	115.085	37.0354
1.995	-0.8	118.395	9.62887
1.995	-0.7	84.8296	4.24944
1.995	-0.6	69.5666	3.42183
1.995	-0.5	62.9458	3.45366
1.995	-0.4	48.3513	4.09028
1.995	-0.3	52.9986	2.14859
1.995	-0.2	57.8687	2.10085
1.995	-0.1	81.1213	2.83296
1.995	0	99.8379	2.96028
1.995	0.1	125.86	3.97887
1.995	0.2	141.139	3.05577
1.995	0.3	175.755	3.54916
1.995	0.4	194.169	3.85155
1.995	0.5	225.077	3.96296
1.995	0.6	250.876	4.16986
1.995	0.7	295.137	4.90197
1.995	0.8	297.795	6.01606
1.995	0.89	302.967	16.5839
2.005	-0.9	95.1428	16.9023
2.005	-0.8	114.416	8.3238
2.005	-0.7	79.3069	3.51732
2.005	-0.6	57.4549	2.68972
2.005	-0.5	46.1072	2.22817
2.005	-0.4	46.1708	1.98944
2.005	-0.3	46.1231	1.7507
2.005	-0.2	53.5875	1.90986
2.005	-0.1	72.2086	3.32634
2.005	0	87.6148	2.53056
2.005	0.1	113.525	3.46958
2.005	0.2	132.067	2.6738
2.005	0.3	163.022	3.08761
2.005	0.4	189.585	3.56507
2.005	0.5	207.283	3.42183
2.005	0.6	247.581	3.83563
2.005	0.7	261.985	4.1062
2.005	0.8	281.545	5.29986
2.005	0.89	308.824	15.8837
2.015	-0.9	128.868	31.3217
2.015	-0.8	118.284	9.62887
2.015	-0.7	66.3835	3.46958
2.015	-0.6	56.4523	3.03986
2.015	-0.5	44.3565	2.33958
2.015	-0.4	35.3961	1.81437
2.015	-0.3	37.6561	1.7507
2.015	-0.2	47.1735	1.89394
2.015	-0.1	64.6806	2.37141
2.015	0	79.482	2.4669
2.015	0.1	110.804	3.62873
2.015	0.2	127.483	2.80113
2.015	0.3	150.465	3.19901
2.015	0.4	185.002	3.62873
2.015	0.5	212.742	3.69239
2.015	0.6	236.775	3.94704
2.015	0.7	248.441	4.13803
2.015	0.8	283.646	5.66592
2.015	0.89	337.281	19.4806
2.025	-0.9	102.193	19.3373
2.025	-0.8	94.4903	8.08507
2.025	-0.7	71.8903	3.66056
2.025	-0.6	45.8048	2.51465
2.025	-0.5	42.1442	2.26
2.025	-0.4	32.3562	1.62338
2.025	-0.3	34.1069	1.52789
2.025	-0.2	42.3989	1.7507
2.025	-0.1	58.76	2.18042
2.025	0	77.6835	2.4669
2.025	0.1	101.589	3.42183
2.025	0.2	121.865	2.61014
2.025	0.3	150.163	3.05577
2.025	0.4	167.288	3.27859
2.025	0.5	201.665	3.48549
2.025	0.6	227.098	3.74014
2.025	0.7	259.693	4.28127
2.025	0.8	273.81	5.34761
2.025	0.89	272.203	11.857
2.035	-0.8	86.0392	6.89141
2.035	-0.7	60.8609	3.13535
2.035	-0.6	49.3221	2.61014
2.035	-0.5	41.0142	2.26
2.035	-0.4	28.6161	1.57563
2.035	-0.3	34.0432	1.57563
2.035	-0.2	43.6562	1.79845
2.035	-0.1	55.7042	2.10085
2.035	0	82.2035	2.59423
2.035	0.1	105.122	3.32634
2.035	0.2	122.979	2.65789
2.035	0.3	149.415	3.03986
2.035	0.4	177.792	3.32634
2.035	0.5	207.347	3.51732
2.035	0.6	232.669	3.70831
2.035	0.7	272.012	4.32901
2.035	0.8	286.001	5.37944
2.035	0.89	290.808	15.6449
2.045	-0.9	93.9332	20.5151
2.045	-0.8	93.233	8.3238
2.045	-0.7	55.4814	3.13535
2.045	-0.6	43.1787	2.51465
2.045	-0.5	32.4994	2.4669
2.045	-0.4	27.9635	1.59155
2.045	-0.3	29.1413	1.48014
2.045	-0.2	36.8603	1.70296
2.045	-0.1	54.988	2.19634
2.045	0	74.771	2.56239
2.045	0.1	92.6441	3.15127
2.045	0.2	108.926	2.57831
2.045	0.3	145.102	3.56507
2.045	0.4	169.564	3.39
2.045	0.5	191.623	3.45366
2.045	0.6	230.297	3.86747
2.045	0.7	254.759	4.34493
2.045	0.8	268.033	5.34761
2.045	0.89	343.058	18.7962
2.055	-0.9	86.8668	38.8497
2.055	-0.8	71.6675	6.46169
2.055	-0.7	53.8103	2.96028
2.055	-0.6	40.5049	2.48282
2.055	-0.5	29.3004	1.76662
2.055	-0.4	24.2552	1.46423
2.055	-0.3	25.3216	1.30507
2.055	-0.2	33.0724	1.49606
2.055	-0.1	51.0092	1.98944
2.055	0	72.1768	2.43507
2.055	0.1	92.1825	2.89662
2.055	0.2	111.408	2.45099
2.055	0.3	141.059	2.92845
2.055	0.4	171.378	3.27859
2.055	0.5	187.453	3.23085
2.055	0.6	228.944	3.67648
2.055	0.7	277.248	4.45634
2.055	0.8	278.489	5.26803
2.055	0.89	278.792	15.8041
2.065	-0.9	84.9728	17.8094
2.065	-0.8	74.023	6.73225
2.065	-0.7	54.3355	3.21493
2.065	-0.6	38.6587	2.32366
2.065	-0.5	29.5392	2.0531
2.065	-0.4	25.608	1.5438
2.065	-0.3	26.2765	1.36873
2.065	-0.2	33.6135	1.60746
2.065	-0.1	46.6165	1.94169
2.065	0	74.3254	2.68972
2.065	0.1	89.079	2.9762
2.065	0.2	108.623	3.16718
2.065	0.3	143.653	4.34493
2.065	0.4	172.222	4.74282
2.065	0.5	196.429	3.46958
2.065	0.6	225.65	3.75606
2.065	0.7	253.741	4.23352
2.065	0.8	277.869	5.18845
2.065	0.89	310.384	15.247
2.075	-0.9	75.519	27.1359
2.075	-0.8	71.4606	6.14338
2.075	-0.7	47.5555	2.68972
2.075	-0.6	32.5949	1.90986
2.075	-0.5	26.9449	1.6393
2.075	-0.4	24.1916	1.46423
2.075	-0.3	24.6054	1.24141
2.075	-0.2	32.6586	1.92577
2.075	-0.1	43.8313	2.0531
2.075	0	69.0255	3.16718
2.075	0.1	85.88	2.68972
2.075	0.2	101	2.29183
2.075	0.3	130.475	2.68972
2.075	0.4	159.139	2.9762
2.075	0.5	189.697	3.23085
2.075	0.6	217.724	3.45366
2.075	0.7	251.401	3.96296
2.075	0.8	279.428	4.85423
2.075	0.89	291.11	16.0906
2.085	-0.9	74.8824	19.4646
2.085	-0.8	68.6594	6.60493
2.085	-0.7	47.4123	3.39
2.085	-0.6	39.1521	2.29183
2.085	-0.5	26.9449	2.08493
2.085	-0.4	25.0669	1.55972
2.085	-0.3	23.6186	2.14859
2.085	-0.2	33.1361	2.96028
2.085	-0.1	45.8207	3.40592
2.085	0	65.5559	4.39268
2.085	0.1	79.5138	2.68972
2.085	0.2	103.18	2.4669
2.085	0.3	141.68	3.15127
2.085	0.4	166.667	3.32634
2.085	0.5	197.384	3.61282
2.085	0.6	228.165	3.8038
2.085	0.7	273.603	4.56775
2.085	0.8	287.609	5.29986
2.085	0.89	316.973	21.5177
2.095	-0.9	94.2356	42.749
2.095	-0.8	79.9276	7.35296
2.095	-0.7	46.6642	2.65789
2.095	-0.6	36.2555	2.16451
2.095	-0.5	28.6638	1.83028
2.095	-0.4	24.7327	1.51197
2.095	-0.3	24.4144	1.32099
2.095	-0.2	32.4358	1.7507
2.095	-0.1	40.9028	1.7507
2.095	0	65.6196	2.51465
2.095	0.1	77.3652	2.59423
2.095	0.2	98.2941	2.45099
2.095	0.3	125.732	2.96028
2.095	0.4	151.866	3.08761
2.095	0.5	184.015	3.27859
2.095	0.6	222.244	3.58099
2.095	0.7	260.362	4.20169
2.095	0.8	283.917	4.96563
2.095	0.89	310.989	20.4673
2.105	-0.9	92.1507	19.6875
2.105	-0.8	75.328	6.76409
2.105	-0.7	46.8393	2.59423
2.105	-0.6	37.2263	2.16451
2.105	-0.5	30.4145	1.78254
2.105	-0.4	23.0616	1.43239
2.105	-0.3	24.0165	1.25732
2.105	-0.2	29.3482	1.48014
2.105	-0.1	40.8869	1.71887
2.105	0	57.3117	2.35549
2.105	0.1	66.0811	2.18042
2.105	0.2	88.6016	2.14859
2.105	0.3	118.586	2.70563
2.105	0.4	143.621	2.8807
2.105	0.5	175.675	3.16718
2.105	0.6	207.076	3.45366
2.105	0.7	240.404	4.0107
2.105	0.8	270.993	4.75873
2.105	0.89	260.473	16.5044
2.115	-0.89	86.1824	22.7273
2.115	-0.8	65.4763	6.79592
2.115	-0.7	45.6775	3.34225
2.115	-0.6	37.7038	2.26
2.115	-0.5	30.9238	1.94169
2.115	-0.4	23.4435	1.49606
2.115	-0.3	25.1942	1.60746
2.115	-0.2	29.8416	1.60746
2.115	-0.1	35.3006	1.68704
2.115	0	55.7361	2.56239
2.115	0.1	63.8689	2.22817
2.115	0.2	86.5007	2.26
2.115	0.3	117.377	2.84887
2.115	0.4	135.855	3.02394
2.115	0.5	172.699	3.29451
2.115	0.6	206.886	3.62873
2.115	0.7	236.106	4.20169
2.115	0.8	268.335	5.29986
2.115	0.89	293.673	21.4223
2.125	-0.8	60.6062	16.4248
2.125	-0.6	36.0804	2.51465
2.125	-0.5	27.3587	1.6393
2.125	-0.4	26.6585	1.44831
2.125	-0.3	23.7141	1.22549
2.125	-0.2	29.3482	1.51197
2.125	-0.1	35.3165	1.57563
2.125	0	52.2506	2.29183
2.125	0.1	59.1261	1.89394
2.125	0.2	79.2432	1.97352
2.125	0.3	110.422	3.08761
2.125	0.4	133.706	2.83296
2.125	0.5	163.93	2.9762
2.125	0.6	200.742	3.27859
2.125	0.7	240.61	3.94704
2.125	0.8	256.987	4.50408
2.125	0.88	277.916	10.552
2.135	-0.9	103.005	30.7647
2.135	-0.8	67.1634	6.5731
2.135	-0.7	48.1444	2.68972
2.135	-0.6	33.9955	2.06901
2.135	-0.5	28.7275	1.68704
2.135	-0.4	22.0907	1.3369
2.135	-0.3	22.8706	1.22549
2.135	-0.2	27.2155	1.44831
2.135	-0.1	32.5472	1.52789
2.135	0	49.4017	2.32366
2.135	0.1	53.8421	1.79845
2.135	0.2	76.283	1.98944
2.135	0.3	103.307	2.49873
2.135	0.4	128.231	2.73747
2.135	0.5	157.723	2.94437
2.135	0.6	197.225	3.32634
2.135	0.7	228.356	4.16986
2.135	0.8	261.205	4.69507
2.135	0.88	279.206	9.29465
2.145	-0.8	50.3885	5.69775
2.145	-0.7	42.001	3.03986
2.145	-0.6	32.2766	2.03718
2.145	-0.5	26.1173	1.67113
2.145	-0.4	25.4648	1.49606
2.145	-0.3	23.7777	1.28916
2.145	-0.2	28.5206	1.5438
2.145	-0.1	33.4066	1.62338
2.145	0	44.9454	2.29183
2.145	0.1	55.2427	1.98944
2.145	0.2	72.2563	2.00535
2.145	0.3	93.3125	2.45099
2.145	0.4	121.642	2.72155
2.145	0.5	150.258	3.10352
2.145	0.6	190.158	3.34225
2.145	0.7	220.446	3.91521
2.145	0.8	269.067	4.85423
2.145	0.88	258.85	8.54662
2.155	-0.9	55.8475	20.897
2.155	-0.8	53.0623	5.71366
2.155	-0.7	43.7358	3.00803
2.155	-0.6	36.717	2.13268
2.155	-0.5	28.0908	1.7507
2.155	-0.4	24.6054	1.46423
2.155	-0.3	23.173	1.25732
2.155	-0.2	27.1996	1.51197
2.155	-0.1	30.2713	1.49606
2.155	0	43.7835	2.29183
2.155	0.1	48.5741	1.78254
2.155	0.2	63.4869	1.81437
2.155	0.3	85.9278	2.26
2.155	0.4	109.992	2.56239
2.155	0.5	139.404	2.78521
2.155	0.6	177.633	3.19901
2.155	0.7	226.382	4.05845
2.155	0.8	243.348	4.52
2.155	0.88	253.279	8.65803
2.165	-0.89	51.6935	11.7297
2.165	-0.8	47.5873	4.99747
2.165	-0.7	39.3113	2.80113
2.165	-0.6	32.3403	2.32366
2.165	-0.5	28.3614	1.71887
2.165	-0.4	23.8573	1.36873
2.165	-0.3	21.279	1.19366
2.165	-0.2	24.0801	1.38465
2.165	-0.1	26.8494	1.36873
2.165	0	36.1759	2.03718
2.165	0.1	44.6748	1.62338
2.165	0.2	62.7548	1.79845
2.165	0.3	86.5325	2.26
2.165	0.4	107	2.48282
2.165	0.5	130.348	2.62606
2.165	0.6	169.118	3.07169
2.165	0.7	213.713	3.83563
2.165	0.8	243.014	4.50408
2.165	0.88	258.436	8.73761
2.175	-0.9	39.8524	10.8225
2.175	-0.8	40.298	18.8121
2.175	-0.7	37.3377	11.0931
2.175	-0.6	36.3669	5.96831
2.175	-0.5	28.441	4.09028
2.175	-0.4	21.0244	1.32099
2.175	-0.3	21.1835	1.17775
2.175	-0.2	22.0589	1.32099
2.175	-0.1	25.4489	1.30507
2.175	0	34.2342	1.92577
2.175	0.1	42.1442	1.5438
2.175	0.2	57.4708	1.68704
2.175	0.3	82.3309	2.16451
2.175	0.4	104.756	2.41916
2.175	0.5	133.913	2.68972
2.175	0.6	180.641	3.19901
2.175	0.7	218.647	3.86747
2.175	0.8	256.383	4.52
2.175	0.88	285.97	9.40606
2.185	-0.9	30.2235	10.361
2.185	-0.8	51.1683	5.84099
2.185	-0.7	35.03	2.62606
2.185	-0.6	32.022	1.97352
2.185	-0.5	26.4038	1.62338
2.185	-0.4	22.7751	1.3369
2.185	-0.3	20.3877	1.16183
2.185	-0.2	22.791	1.36873
2.185	-0.1	24.9396	1.3369
2.185	0	36.0327	2.02127
2.185	0.1	40.8392	1.51197
2.185	0.2	53.1896	1.6393
2.185	0.3	78.1132	2.13268
2.185	0.4	102.066	2.41916
2.185	0.5	130.348	2.68972
2.185	0.6	165.633	3.03986
2.185	0.7	203.432	3.72423
2.185	0.8	240.817	5.06113
2.185	0.88	265.295	8.96042
2.195	-0.89	49.0356	16.4248
2.195	-0.8	53.1578	6.25479
2.195	-0.7	33.4225	2.84887
2.195	-0.6	32.0856	2.13268
2.195	-0.5	23.1411	1.6393
2.195	-0.4	23.3003	1.52789
2.195	-0.3	21.5018	1.36873
2.195	-0.2	21.9316	1.51197
2.195	-0.1	23.4754	1.40056
2.195	0	31.9106	2.11676
2.195	0.1	41.1097	1.70296
2.195	0.2	57.9801	1.94169
2.195	0.3	78.1292	2.41916
2.195	0.4	106.029	2.7693
2.195	0.5	133.611	3.02394
2.195	0.6	182.376	3.64465
2.195	0.7	210.944	4.16986
2.195	0.8	252.467	4.90197
2.195	0.88	271.407	9.77211
2.205	-0.89	74.7073	19.8785
2.205	-0.8	48.1125	5.96831
2.205	-0.7	36.6852	2.9762
2.205	-0.6	32.1016	2.18042
2.205	-0.5	26.738	1.83028
2.205	-0.4	20.5151	1.41648
2.205	-0.3	20.0694	1.28916
2.205	-0.2	19.5601	1.40056
2.205	-0.1	22.5841	1.36873
2.205	0	27.7725	1.98944
2.205	0.1	36.8762	1.57563
2.205	0.2	53.7466	1.86211
2.205	0.3	74.6437	2.30775
2.205	0.4	93.6627	2.53056
2.205	0.5	122.979	3.03986
2.205	0.6	168.911	3.40592
2.205	0.7	222.562	4.32901
2.205	0.8	266.998	5.1407
2.205	0.88	253.231	9.04
2.215	-0.89	41.5713	12.6687
2.215	-0.8	33.6454	3.94704
2.215	-0.7	32.0697	2.16451
2.215	-0.6	29.3163	1.90986
2.215	-0.5	23.6663	1.52789
2.215	-0.4	20.6106	1.30507
2.215	-0.3	17.2206	1.08225
2.215	-0.2	18.1596	1.25732
2.215	-0.1	20.1331	1.17775
2.215	0	28.7434	1.8462
2.215	0.1	35.6189	1.44831
2.215	0.2	46.2186	1.52789
2.215	0.3	62.6434	1.90986
2.215	0.4	84.559	2.19634
2.215	0.5	110.501	2.49873
2.215	0.6	155.988	2.99211
2.215	0.7	202.938	3.78789
2.215	0.8	244.605	4.48817
2.215	0.88	245.178	8.19648
2.225	-0.8	35.3483	4.29718
2.225	-0.7	25.2261	2.21225
2.225	-0.6	24.0961	1.7507
2.225	-0.5	20.7538	1.46423
2.225	-0.4	17.7935	1.22549
2.225	-0.3	16.011	1.06634
2.225	-0.2	17.4911	1.20958
2.225	-0.1	20.3718	1.24141
2.225	0	26.2606	1.7507
2.225	0.1	30.0962	1.30507
2.225	0.2	44.1814	1.5438
2.225	0.3	56.2294	1.81437
2.225	0.4	78.5589	2.19634
2.225	0.5	106.793	2.48282
2.225	0.6	152.98	3.21493
2.225	0.7	193.198	3.70831
2.225	0.8	234.117	4.37676
2.225	0.88	259.407	8.78535
2.235	-0.89	45.8207	20.897
2.235	-0.8	38.6906	4.87014
2.235	-0.7	29.9848	2.18042
2.235	-0.6	24.6213	1.83028
2.235	-0.5	19.3851	1.41648
2.235	-0.4	16.393	1.22549
2.235	-0.3	15.8359	1.09817
2.235	-0.2	17.4752	1.25732
2.235	-0.1	20.0058	1.25732
2.235	0	21.852	1.55972
2.235	0.1	29.4118	1.3369
2.235	0.2	42.5739	1.52789
2.235	0.3	57.0252	1.86211
2.235	0.4	72.2723	2.08493
2.235	0.5	100.538	2.37141
2.235	0.6	146.677	2.9762
2.235	0.7	189.554	3.74014
2.235	0.8	236.011	4.58366
2.235	0.88	241.04	8.75352
2.245	-0.89	34.1069	10.4883
2.245	-0.8	34.8708	4.56775
2.245	-0.7	23.8096	2.14859
2.245	-0.6	23.4117	1.73479
2.245	-0.5	20.6424	1.43239
2.245	-0.4	18.7962	1.25732
2.245	-0.3	16.8386	1.08225
2.245	-0.2	15.438	1.14592
2.245	-0.1	16.2816	1.09817
2.245	0	22.7114	1.6393
2.245	0.1	26.738	1.24141
2.245	0.2	36.3987	2.00535
2.245	0.3	51.9482	1.71887
2.245	0.4	70.9354	2.02127
2.245	0.5	100.204	2.38732
2.245	0.6	145.133	3.00803
2.245	0.7	178.222	3.54916
2.245	0.8	230.87	4.34493
2.245	0.88	221.496	9.77211
2.255	-0.89	34.1865	11.9048
2.255	-0.8	38.2608	4.90197
2.255	-0.7	30.7328	2.53056
2.255	-0.6	23.1889	1.67113
2.255	-0.5	20.4673	1.48014
2.255	-0.4	17.9049	1.24141
2.255	-0.3	16.8545	1.13
2.255	-0.2	17.3479	1.25732
2.255	-0.1	18.08	1.14592
2.255	0	23.3639	1.62338
2.255	0.1	27.0563	1.24141
2.255	0.2	39.359	1.46423
2.255	0.3	50.9932	1.70296
2.255	0.4	69.9645	1.97352
2.255	0.5	102.798	2.33958
2.255	0.6	145.452	2.96028
2.255	0.7	197.129	3.69239
2.255	0.8	249.077	4.50408
2.255	0.88	242.361	10.3292
2.265	-0.89	28.2182	8.89676
2.265	-0.8	34.3934	4.39268
2.265	-0.7	24.2552	2.21225
2.265	-0.6	21.9634	1.6393
2.265	-0.5	16.7749	1.87803
2.265	-0.4	17.7139	1.19366
2.265	-0.3	15.1197	1.05042
2.265	-0.2	15.4221	1.19366
2.265	-0.1	18.8439	1.19366
2.265	0	24.4303	1.6393
2.265	0.1	27.8044	1.27324
2.265	0.2	39.0566	1.44831
2.265	0.3	51.041	1.71887
2.265	0.4	67.3225	1.95761
2.265	0.5	103.339	2.43507
2.265	0.6	150.943	3.05577
2.265	0.7	188.169	3.66056
2.265	0.8	246.499	4.52
2.265	0.88	255.316	16.7749
2.275	-0.89	29.189	10.1223
2.275	-0.8	31.083	4.47225
2.275	-0.7	27.677	2.40324
2.275	-0.6	21.8679	1.68704
2.275	-0.5	18.9394	1.40056
2.275	-0.4	16.9659	1.20958
2.275	-0.3	15.072	1.08225
2.275	-0.2	15.4539	1.17775
2.275	-0.1	17.0773	1.17775
2.275	0	22.8069	1.62338
2.275	0.1	25.2261	1.20958
2.275	0.2	33.8682	1.36873
2.275	0.3	48.2876	1.68704
2.275	0.4	68.3093	2.02127
2.275	0.5	96.7025	2.33958
2.275	0.6	143.319	3.02394
2.275	0.7	196.477	3.88338
2.275	0.8	245.847	4.47225
2.275	0.88	266.441	9.43789
2.285	-0.8	31.4808	4.05845
2.285	-0.7	23.7459	3.07169
2.285	-0.6	23.1093	3.13535
2.285	-0.5	17.4116	2.32366
2.285	-0.4	15.4539	1.13
2.285	-0.3	12.7165	0.986761
2.285	-0.2	14.5786	1.11408
2.285	-0.1	18.4938	1.22549
2.285	0	16.8068	1.27324
2.285	0.1	21.9475	1.09817
2.285	0.2	35.9213	1.36873
2.285	0.3	47.5714	1.65521
2.285	0.4	59.4921	1.81437
2.285	0.5	92.5963	2.21225
2.285	0.6	134.581	2.86479
2.285	0.7	177.521	3.50141
2.285	0.8	231.268	4.28127
2.285	0.88	252.945	8.33972
2.295	-0.89	33.2634	16.011
2.295	-0.8	29.9848	4.20169
2.295	-0.7	24.5735	2.19634
2.295	-0.6	18.637	1.51197
2.295	-0.5	15.5017	1.22549
2.295	-0.4	15.9792	1.17775
2.295	-0.3	13.2258	0.986761
2.295	-0.2	14.2603	1.11408
2.295	-0.1	13.4804	1.03451
2.295	0	19.3851	1.43239
2.295	0.1	22.0111	1.08225
2.295	0.2	30.9238	1.25732
2.295	0.3	39.4227	1.44831
2.295	0.4	62.6752	1.87803
2.295	0.5	87.7262	2.18042
2.295	0.6	123.823	2.6738
2.295	0.7	180.338	3.54916
2.295	0.8	227.814	4.23352
2.295	0.88	210.1	7.4007
2.305	-0.89	38.5632	10.6793
2.305	-0.8	27.3747	3.77197
2.305	-0.7	23.5549	2.08493
2.305	-0.6	16.5203	1.62338
2.305	-0.5	14.9446	1.3369
2.305	-0.4	13.4168	1.01859
2.305	-0.3	14.8492	1.00268
2.305	-0.2	14.8173	1.06634
2.305	-0.1	15.2948	1.16183
2.305	0	20.7379	1.44831
2.305	0.1	22.0748	1.06634
2.305	0.2	28.7116	1.16183
2.305	0.3	38.5155	1.40056
2.305	0.4	55.37	1.70296
2.305	0.5	85.1797	2.06901
2.305	0.6	126.417	2.72155
2.305	0.7	171.633	3.39
2.305	0.8	233.051	4.13803
2.305	0.88	232.955	7.60761
2.315	-0.89	25.8468	7.81451
2.315	-0.8	35.1414	4.79056
2.315	-0.7	20.7061	2.03718
2.315	-0.6	17.2524	1.48014
2.315	-0.5	12.43	1.11408
2.315	-0.4	12.812	1.03451
2.315	-0.3	12.5096	0.970845
2.315	-0.2	10.7907	0.939014
2.315	-0.1	13.6396	1.16183
2.315	0	15.1675	1.17775
2.315	0.1	19.8625	1.06634
2.315	0.2	28.4569	1.22549
2.315	0.3	32.1334	1.3369
2.315	0.4	49.8473	1.67113
2.315	0.5	73.3863	1.98944
2.315	0.6	111.663	2.64197
2.315	0.7	153.394	3.21493
2.315	0.8	214.716	4.12211
2.315	0.88	214.525	7.98958
2.325	-0.8	26.7858	3.96296
2.325	-0.7	19.5601	1.92577
2.325	-0.6	16.9341	1.44831
2.325	-0.5	14.308	1.19366
2.325	-0.4	11.2045	0.939014
2.325	-0.3	12.2708	0.970845
2.325	-0.2	11.7775	1.00268
2.325	-0.1	15.0242	1.20958
2.325	0	15.9473	1.20958
2.325	0.1	17.1251	0.986761
2.325	0.2	25.6717	1.13
2.325	0.3	33.0883	1.35282
2.325	0.4	51.7731	1.70296
2.325	0.5	75.1211	2.00535
2.325	0.6	114.814	2.72155
2.325	0.7	152.566	3.21493
2.325	0.8	212.249	4.87014
2.325	0.88	214.843	8.5307
2.335	-0.8	23.5708	3.58099
2.335	-0.7	18.4779	1.90986
2.335	-0.6	15.8518	1.41648
2.335	-0.5	12.1435	1.09817
2.335	-0.4	11.4592	0.970845
2.335	-0.3	11.9525	0.986761
2.335	-0.2	11.4273	0.970845
2.335	-0.1	13.3213	1.16183
2.335	0	14.308	1.11408
2.335	0.1	16.202	0.939014
2.335	0.2	22.9501	1.08225
2.335	0.3	30.9397	1.30507
2.335	0.4	44.8499	1.6393
2.335	0.5	73.1794	2.16451
2.335	0.6	105.711	2.7693
2.335	0.7	157.42	3.34225
2.335	0.8	212.599	4.12211
2.335	0.88	202.811	7.24155
2.345	-0.8	23.7459	3.5969
2.345	-0.7	18.5893	1.92577
2.345	-0.6	13.5123	1.28916
2.345	-0.5	13.7828	1.22549
2.345	-0.4	11.4114	1.01859
2.345	-0.3	12.4141	0.986761
2.345	-0.2	9.5493	0.891268
2.345	-0.1	12.5255	1.16183
2.345	0	14.1489	1.06634
2.345	0.1	18.462	1.00268
2.345	0.2	20.2445	1.05042
2.345	0.3	27.677	1.24141
2.345	0.4	41.5872	1.62338
2.345	0.5	68.6117	1.94169
2.345	0.6	111.074	2.7693
2.345	0.7	149.622	3.23085
2.345	0.8	203.384	3.96296
2.345	0.88	200.567	7.55986
2.355	-0.8	20.7538	3.24676
2.355	-0.7	16.9341	1.86211
2.355	-0.6	14.3239	1.3369
2.355	-0.5	11.8093	1.06634
2.355	-0.4	13.2258	1.01859
2.355	-0.3	12.2868	0.986761
2.355	-0.2	11.5865	0.939014
2.355	-0.1	14.4035	1.24141
2.355	0	14.8332	1.08225
2.355	0.1	15.3903	0.875352
2.355	0.2	21.2631	1.03451
2.355	0.3	28.441	1.57563
2.355	0.4	43.1469	1.51197
2.355	0.5	68.9937	1.87803
2.355	0.6	115.531	2.6738
2.355	0.7	165.41	3.35817
2.355	0.8	225.57	4.12211
2.355	0.88	232.446	8.81718
2.365	-0.89	22.409	7.65535
2.365	-0.8	22.2339	3.61282
2.365	-0.7	17.6344	1.94169
2.365	-0.6	14.0534	1.40056
2.365	-0.5	11.1568	1.20958
2.365	-0.4	10.6475	0.986761
2.365	-0.3	10.9339	0.986761
2.365	-0.2	11.3637	1.00268
2.365	-0.1	12.9234	1.24141
2.365	0	13.5123	1.03451
2.365	0.1	15.5972	0.986761
2.365	0.2	20.4992	1.08225
2.365	0.3	26.8017	1.27324
2.365	0.4	44.6589	1.67113
2.365	0.5	70.5056	2.11676
2.365	0.6	110.231	3.05577
2.365	0.7	170.455	3.77197
2.365	0.8	216.132	4.23352
2.365	0.88	231.698	9.89944
2.375	-0.8	22.043	3.45366
2.375	-0.7	16.3611	1.78254
2.375	-0.6	13.0348	1.22549
2.375	-0.5	11.6024	1.03451
2.375	-0.4	10.4246	0.907183
2.375	-0.3	9.61296	0.875352
2.375	-0.2	8.64211	0.81169
2.375	-0.1	15.247	1.35282
2.375	0	13.5123	0.970845
2.375	0.1	16.3134	1.01859
2.375	0.2	18.3983	0.95493
2.375	0.3	27.9158	1.20958
2.375	0.4	37.5924	1.41648
2.375	0.5	66.1607	1.89394
2.375	0.6	105.233	2.59423
2.375	0.7	164.152	3.40592
2.375	0.8	209.13	3.97887
2.375	0.88	236.106	9.69254
2.385	-0.8	17.507	3.19901
2.385	-0.7	14.499	1.70296
2.385	-0.6	11.7934	1.24141
2.385	-0.5	11.0294	1.08225
2.385	-0.4	9.32648	0.907183
2.385	-0.3	9.7562	0.923099
2.385	-0.2	11.491	1.00268
2.385	-0.1	9.2469	1.01859
2.385	0	12.7006	0.970845
2.385	0.1	12.1117	0.827606
2.385	0.2	16.6158	0.95493
2.385	0.3	23.2844	1.17775
2.385	0.4	33.5976	1.46423
2.385	0.5	59.4762	2.08493
2.385	0.6	86.819	2.65789
2.385	0.7	140.231	3.42183
2.385	0.8	183.426	4.1062
2.385	0.88	195.283	8.78535
2.395	-0.8	17.9845	3.54916
2.395	-0.7	16.011	1.94169
2.395	-0.6	11.6979	1.3369
2.395	-0.5	7.33704	0.907183
2.395	-0.4	8.99225	0.923099
2.395	-0.3	10.0108	0.986761
2.395	-0.2	10.7907	1.00268
2.395	-0.1	12.4777	1.25732
2.395	0	10.7748	0.891268
2.395	0.1	12.6528	0.907183
2.395	0.2	12.4618	0.843521
2.395	0.3	21.6769	1.16183
2.395	0.4	34.091	1.51197
2.395	0.5	54.9085	1.90986
2.395	0.6	94.8882	2.86479
2.395	0.7	137.367	4.15394
2.395	0.8	184.492	3.94704
2.395	0.88	199.294	9.74028
2.405	-0.8	19.8625	3.61282
2.405	-0.7	13.0348	1.79845
2.405	-0.6	8.73761	1.38465
2.405	-0.5	8.51479	1.03451
2.405	-0.4	8.29197	0.923099
2.405	-0.3	10.6316	1.09817
2.405	-0.2	11.3637	1.06634
2.405	-0.1	10.6316	1.30507
2.405	0	10.6316	0.923099
2.405	0.1	12.3504	0.939014
2.405	0.2	13.0666	0.923099
2.405	0.3	18.4142	1.09817
2.405	0.4	30.9556	1.48014
2.405	0.5	53.4601	1.89394
2.405	0.6	83.9701	2.59423
2.405	0.7	131.287	3.27859
2.405	0.8	182.519	4.05845
2.405	0.88	174.306	10.1223
2.415	-0.8	16.6476	2.9762
2.415	-0.7	10.4883	1.57563
2.415	-0.6	10.0108	1.22549
2.415	-0.5	6.93916	0.891268
2.415	-0.4	8.94451	0.907183
2.415	-0.3	9.93127	0.986761
2.415	-0.2	9.89944	0.923099
2.415	-0.1	12.6369	1.3369
2.415	0	9.74028	0.827606
2.415	0.1	9.89944	0.763944
2.415	0.2	12.7642	0.843521
2.415	0.3	19.767	1.06634
2.415	0.4	29.2686	1.30507
2.415	0.5	54.8925	1.83028
2.415	0.6	91.8324	2.57831
2.415	0.7	136.141	3.1831
2.415	0.8	184.652	3.85155
2.415	0.88	208.302	12.8916
2.425	-0.8	21.5177	3.67648
2.425	-0.7	12.7324	1.55972
2.425	-0.6	10.1859	1.11408
2.425	-0.5	8.29197	0.891268
2.425	-0.4	8.30789	0.843521
2.425	-0.3	9.07183	0.907183
2.425	-0.2	8.49887	0.795775
2.425	-0.1	10.3769	1.38465
2.425	0	12.0958	1.22549
2.425	0.1	12.0321	0.923099
2.425	0.2	15.072	0.875352
2.425	0.3	19.21	1.00268
2.425	0.4	27.0723	1.19366
2.425	0.5	49.5927	1.59155
2.425	0.6	88.2514	2.40324
2.425	0.7	138.64	3.10352
2.425	0.8	197.607	4.37676
2.425	0.88	207.379	13.2417
2.435	-0.8	19.2577	4.82239
2.435	-0.7	12.3823	1.78254
2.435	-0.6	7.20972	1.17775
2.435	-0.5	8.92859	0.970845
2.435	-0.4	8.65803	0.875352
2.435	-0.3	10.1859	1.00268
2.435	-0.2	10.5679	0.939014
2.435	-0.1	9.39014	1.11408
2.435	0	11.857	0.939014
2.435	0.1	10.5042	0.779859
2.435	0.2	13.4168	0.875352
2.435	0.3	18.4461	1.05042
2.435	0.4	26.0855	1.22549
2.435	0.5	50.3725	1.68704
2.435	0.6	85.5458	2.43507
2.435	0.7	129.106	3.05577
2.435	0.8	188.742	3.94704
2.435	0.88	165.967	11.6661
2.445	-0.8	19.6716	3.53324
2.445	-0.7	9.94718	1.36873
2.445	-0.6	6.9869	1.09817
2.445	-0.5	7.98958	0.891268
2.445	-0.4	6.71634	0.748028
2.445	-0.3	8.00549	0.859437
2.445	-0.2	9.35831	0.859437
2.445	-0.1	10.8703	1.14592
2.445	0	11.3955	0.843521
2.445	0.1	9.23099	0.732113
2.445	0.2	11.8093	0.763944
2.445	0.3	16.5203	0.95493
2.445	0.4	25.8786	1.20958
2.445	0.5	51.7572	1.67113
2.445	0.6	89.2541	3.40592
2.445	0.7	147.202	4.75873
2.445	0.8	182.996	5.25211
2.445	0.88	150.815	17.2524
2.455	-0.8	15.6131	2.91254
2.455	-0.7	10.6156	1.38465
2.455	-0.6	7.17789	1.09817
2.455	-0.5	6.66859	0.795775
2.455	-0.4	6.54127	0.700282
2.455	-0.3	8.14873	0.843521
2.455	-0.2	9.94718	0.859437
2.455	-0.1	9.27873	1.03451
2.455	0	9.18324	0.732113
2.455	0.1	10.4406	0.716197
2.455	0.2	12.5096	0.81169
2.455	0.3	17.332	0.970845
2.455	0.4	23.2048	1.11408
2.455	0.5	48.2876	1.60746
2.455	0.6	83.1107	2.38732
2.455	0.7	125.446	2.86479
2.455	0.8	182.678	4.04254
2.455	0.88	136.746	12.7961
2.465	-0.8	12.5892	2.51465
2.465	-0.7	7.92592	2.26
2.465	-0.6	5.77732	1.06634
2.465	-0.5	5.33169	0.779859
2.465	-0.4	6.71634	0.779859
2.465	-0.3	6.87549	0.859437
2.465	-0.2	7.73493	0.827606
2.465	-0.1	9.02409	1.08225
2.465	0	8.06916	0.763944
2.465	0.1	8.3238	0.716197
2.465	0.2	11.1249	0.859437
2.465	0.3	14.9765	0.970845
2.465	0.4	24.8759	1.22549
2.465	0.5	43.7676	1.70296
2.465	0.6	84.4635	2.57831
2.465	0.7	127.085	3.10352
2.465	0.8	178.413	3.83563
2.465	0.87	178.301	6.84366
2.475	-0.8	13.178	2.73747
2.475	-0.7	9.23099	1.41648
2.475	-0.6	6.50944	1.09817
2.475	-0.5	5.1407	0.716197
2.475	-0.4	6.39803	0.763944
2.475	-0.3	8.26014	0.907183
2.475	-0.2	8.61028	0.843521
2.475	-0.1	8.64211	1.01859
2.475	0	9.46972	0.763944
2.475	0.1	8.64211	0.700282
2.475	0.2	8.92859	0.700282
2.475	0.3	13.3849	0.843521
2.475	0.4	22.2658	1.09817
2.475	0.5	42.6217	1.55972
2.475	0.6	76.3785	2.32366
2.475	0.7	129.17	3.02394
2.475	0.8	182.105	3.64465
2.475	0.87	189.999	9.35831
2.485	-0.8	16.2816	3.03986
2.485	-0.7	10.2496	1.46423
2.485	-0.6	8.22831	1.20958
2.485	-0.5	5.04521	0.732113
2.485	-0.4	6.3662	0.748028
2.485	-0.3	8.43521	0.891268
2.485	-0.2	8.19648	0.795775
2.485	-0.1	10.5838	1.11408
2.485	0	7.91	0.700282
2.485	0.1	10.8066	0.763944
2.485	0.2	10.2814	0.732113
2.485	0.3	12.7801	0.843521
2.485	0.4	21.3586	1.06634
2.485	0.5	43.0673	1.57563
2.485	0.6	82.3309	3.23085
2.485	0.7	133.404	4.07437
2.485	0.8	183.967	4.48817
2.485	0.87	201.188	9.64479
2.495	-0.8	12.7642	2.62606
2.495	-0.7	7.81451	1.28916
2.495	-0.6	5.52268	0.859437
2.495	-0.5	4.39268	0.700282
2.495	-0.4	4.74282	0.63662
2.495	-0.3	6.22296	0.779859
2.495	-0.2	6.42986	0.732113
2.495	-0.1	8.84901	1.03451
2.495	0	9.31056	0.779859
2.495	0.1	8.43521	0.684366
2.495	0.2	9.35831	0.700282
2.495	0.3	11.2841	0.763944
2.495	0.4	20.7538	1.08225
2.495	0.5	40.0593	1.49606
2.495	0.6	74.198	2.29183
2.495	0.7	119.478	3.8038
2.495	0.8	163.611	5.57042
2.495	0.87	191.384	10.0904
2.505	-0.8	11.0613	2.29183
2.505	-0.7	7.63944	1.24141
2.505	-0.6	5.80916	1.03451
2.505	-0.5	5.39535	0.779859
2.505	-0.4	4.32901	0.604789
2.505	-0.3	6.81183	0.859437
2.505	-0.2	8.19648	0.891268
2.505	-0.1	8.16465	0.986761
2.505	0	6.49352	0.652535
2.505	0.1	8.67394	0.700282
2.505	0.2	9.48563	0.716197
2.505	0.3	12.7165	0.827606
2.505	0.4	21.8679	1.09817
2.505	0.5	39.2476	1.5438
2.505	0.6	72.4951	2.24408
2.505	0.7	114.512	2.81704
2.505	0.8	179.352	3.83563
2.505	0.87	174.418	6.74817
2.515	-0.8	10.2973	2.19634
2.515	-0.7	5.37944	1.01859
2.515	-0.6	4.67916	0.907183
2.515	-0.5	3.54916	0.604789
2.515	-0.4	4.47225	0.604789
2.515	-0.3	5.93648	0.763944
2.515	-0.2	6.41394	0.732113
2.515	-0.1	6.9869	0.907183
2.515	0	7.84634	0.716197
2.515	0.1	7.25747	0.63662
2.515	0.2	8.70578	0.668451
2.515	0.3	10.3292	0.748028
2.515	0.4	18.2392	0.970845
2.515	0.5	38.1494	1.44831
2.515	0.6	73.1635	2.24408
2.515	0.7	114.448	3.1831
2.515	0.8	174.179	3.74014
2.515	0.87	187.309	7.33704
2.525	-0.8	12.1754	5.01338
2.525	-0.7	4.58366	1.03451
2.525	-0.6	4.71099	0.970845
2.525	-0.5	3.81972	0.668451
2.525	-0.4	4.66324	0.795775
2.525	-0.3	6.47761	0.859437
2.525	-0.2	6.49352	0.795775
2.525	-0.1	7.06648	0.970845
2.525	0	7.51211	0.732113
2.525	0.1	7.81451	0.700282
2.525	0.2	9.08775	0.748028
2.525	0.3	11.8411	0.859437
2.525	0.4	17.1569	1.03451
2.525	0.5	36.6534	1.57563
2.525	0.6	68.2616	2.29183
2.525	0.7	118.777	3.08761
2.525	0.8	168.991	3.78789
2.525	0.87	168.052	6.84366
2.535	-0.8	9.94718	2.21225
2.535	-0.7	6.47761	1.11408
2.535	-0.6	4.21761	0.81169
2.535	-0.5	3.83563	0.748028
2.535	-0.4	4.24944	0.588873
2.535	-0.3	6.41394	0.795775
2.535	-0.2	7.44845	0.795775
2.535	-0.1	6.31845	0.843521
2.535	0	7.38479	0.684366
2.535	0.1	7.00282	0.620704
2.535	0.2	8.29197	0.652535
2.535	0.3	10.1859	0.748028
2.535	0.4	15.0561	0.891268
2.535	0.5	33.8045	1.36873
2.535	0.6	61.8158	1.98944
2.535	0.7	108.687	2.72155
2.535	0.8	160.221	3.32634
2.535	0.87	182.328	6.93916
2.545	-0.8	9.99493	2.30775
2.545	-0.7	4.79056	0.970845
2.545	-0.6	5.2362	0.970845
2.545	-0.5	4.07437	0.652535
2.545	-0.4	3.56507	0.572958
2.545	-0.3	4.9338	0.732113
2.545	-0.2	5.68183	0.700282
2.545	-0.1	7.01873	0.923099
2.545	0	7.06648	0.668451
2.545	0.1	7.67127	0.652535
2.545	0.2	8.56254	0.668451
2.545	0.3	10.4087	0.732113
2.545	0.4	14.9765	1.06634
2.545	0.5	34.4252	1.43239
2.545	0.6	64.6806	2.13268
2.545	0.7	117.695	2.92845
2.545	0.8	163.977	3.46958
2.545	0.87	174.195	6.92324
2.555	-0.8	14.5945	3.11944
2.555	-0.7	6.5731	1.19366
2.555	-0.6	3.45366	0.763944
2.555	-0.5	2.27592	0.49338
2.555	-0.4	5.15662	0.700282
2.555	-0.3	6.00014	0.81169
2.555	-0.2	5.61817	0.716197
2.555	-0.1	6.17521	0.795775
2.555	0	5.0293	0.588873
2.555	0.1	6.62085	0.620704
2.555	0.2	7.17789	0.748028
2.555	0.3	8.26014	0.684366
2.555	0.4	15.7723	0.923099
2.555	0.5	30.3349	1.38465
2.555	0.6	62.1341	2.19634
2.555	0.7	110.231	3.39
2.555	0.8	164.455	4.1062
2.555	0.87	199.612	8.33972
2.565	-0.4	4.15394	0.779859
2.565	-0.3	5.18845	0.716197
2.565	-0.2	5.07704	0.684366
2.565	-0.1	5.50676	0.748028
2.565	0	6.20704	0.620704
2.565	0.1	5.90465	0.572958
2.565	0.2	7.32113	0.63662
2.565	0.3	9.11958	0.700282
2.565	0.4	15.3266	0.907183
2.565	0.5	31.0989	1.3369
2.565	0.6	62.707	2.0531
2.565	0.7	111.249	2.80113
2.565	0.8	166.524	3.53324
2.565	0.87	166.285	7.16197
2.575	-0.8	10.6475	2.14859
2.575	-0.7	6.3662	1.19366
2.575	-0.6	3.64465	0.81169
2.575	-0.5	4.67916	0.700282
2.575	-0.4	3.69239	0.572958
2.575	-0.3	4.69507	0.716197
2.575	-0.2	6.0638	0.795775
2.575	-0.1	5.15662	0.716197
2.575	0	5.66592	0.588873
2.575	0.1	4.98155	0.525211
2.575	0.2	7.09831	0.63662
2.575	0.3	9.08775	0.700282
2.575	0.4	13.178	0.827606
2.575	0.5	25.6717	1.24141
2.575	0.6	56.6114	1.92577
2.575	0.7	103.546	2.72155
2.575	0.8	149.94	3.53324
2.575	0.87	183.474	10.5679
2.585	-0.8	13.8146	3.07169
2.585	-0.7	7.41662	1.38465
2.585	-0.6	4.64732	0.970845
2.585	-0.5	3.93113	0.700282
2.585	-0.4	4.71099	0.732113
2.585	-0.3	5.47493	0.81169
2.585	-0.2	5.10887	0.81169
2.585	-0.1	5.55451	0.732113
2.585	0	4.36085	0.541127
2.585	0.1	5.37944	0.588873
2.585	0.2	6.42986	0.63662
2.585	0.3	7.59169	0.859437
2.585	0.4	12.0321	0.859437
2.585	0.5	26.9449	1.38465
2.585	0.6	53.5875	2.06901
2.585	0.7	98.7875	2.84887
2.585	0.8	153.314	3.5969
2.585	0.87	169.214	7.83042
2.595	-0.5	2.94437	0.875352
2.595	-0.4	4.74282	1.5438
2.595	-0.3	4.48817	0.779859
2.595	-0.2	5.71366	0.907183
2.595	-0.1	5.17254	0.763944
2.595	0	5.2362	0.63662
2.595	0.1	3.77197	0.509296
2.595	0.2	4.64732	0.557042
2.595	0.3	7.30521	0.700282
2.595	0.4	13.178	0.923099
2.595	0.5	26.547	1.43239
2.595	0.6	53.4761	2.08493
2.595	0.7	90.6706	2.73747
2.595	0.8	144.115	3.51732
2.595	0.87	158.502	7.95775
2.605	-0.8	12.6369	2.24408
2.605	-0.7	6.62085	0.939014
2.605	-0.6	3.51732	0.63662
2.605	-0.5	2.37141	0.397887
2.605	-0.4	2.91254	0.429718
2.605	-0.3	4.94972	0.604789
2.605	-0.2	3.5969	0.525211
2.605	-0.1	4.7269	0.509296
2.605	0	5.15662	0.461549
2.605	0.1	4.75873	0.413803
2.605	0.2	4.79056	0.413803
2.605	0.3	6.19113	0.477465
2.605	0.4	11.5546	0.684366
2.605	0.5	28.3455	1.24141
2.605	0.6	52.2506	1.55972
2.605	0.7	93.599	2.14859
2.605	0.8	151.054	2.84887
2.605	0.87	167.988	6.76409
2.615	-0.8	11.2841	1.98944
2.615	-0.7	6.28662	0.939014
2.615	-0.6	2.32366	0.509296
2.615	-0.5	3.00803	0.445634
2.615	-0.4	2.73747	0.413803
2.615	-0.3	3.72423	0.509296
2.615	-0.2	3.29451	0.461549
2.615	-0.1	4.67916	0.49338
2.615	0	4.58366	0.429718
2.615	0.1	5.53859	0.445634
2.615	0.2	5.28394	0.445634
2.615	0.3	6.31845	0.477465
2.615	0.4	11.7456	0.620704
2.615	0.5	24.3189	1.00268
2.615	0.6	49.3539	1.49606
2.615	0.7	94.4266	2.16451
2.615	0.8	154.651	2.83296
2.615	0.87	145.977	5.80916
2.625	-0.8	9.05592	2.40324
2.625	-0.7	5.92056	1.09817
2.625	-0.6	2.6738	0.684366
2.625	-0.5	3.05577	0.557042
2.625	-0.4	3.67648	0.588873
2.625	-0.3	4.18578	0.63662
2.625	-0.2	3.50141	0.604789
2.625	-0.1	4.16986	0.572958
2.625	0	3.93113	0.509296
2.625	0.1	4.61549	0.49338
2.625	0.2	4.94972	0.525211
2.625	0.3	5.50676	0.541127
2.625	0.4	9.59704	0.684366
2.625	0.5	22.7273	1.16183
2.625	0.6	49.6723	1.89394
2.625	0.7	94.554	3.56507
2.625	0.8	150.354	3.8038
2.625	0.87	167.749	8.30789
2.635	-0.8	9.85169	2.53056
2.635	-0.7	6.47761	1.17775
2.635	-0.6	4.16986	0.875352
2.635	-0.5	2.7693	0.541127
2.635	-0.4	3.34225	0.620704
2.635	-0.3	4.56775	0.700282
2.635	-0.2	4.02662	0.700282
2.635	-0.1	3.70831	0.557042
2.635	0	4.23352	0.541127
2.635	0.1	4.75873	0.525211
2.635	0.2	4.09028	0.49338
2.635	0.3	5.47493	0.572958
2.635	0.4	9.94718	0.732113
2.635	0.5	21.3586	1.19366
2.635	0.6	41.237	1.67113
2.635	0.7	89.7634	2.61014
2.635	0.8	141.934	3.27859
2.635	0.87	179.702	9.53338
2.645	-0.8	6.17521	1.78254
2.645	-0.7	3.43775	0.875352
2.645	-0.6	2.49873	0.81169
2.645	-0.5	2.62606	0.668451
2.645	-0.4	3.31042	0.588873
2.645	-0.3	3.81972	0.604789
2.645	-0.2	4.75873	0.763944
2.645	-0.1	3.86747	0.557042
2.645	0	4.18578	0.525211
2.645	0.1	4.29718	0.49338
2.645	0.2	3.96296	0.477465
2.645	0.3	5.18845	0.541127
2.645	0.4	9.2469	0.684366
2.645	0.5	21.5177	1.16183
2.645	0.6	43.8631	1.71887
2.645	0.7	79.0682	2.29183
2.645	0.8	132.863	3.15127
2.645	0.87	146.2	8.35563
2.655	-0.8	9.04	2.32366
2.655	-0.7	4.7269	1.01859
2.655	-0.6	3.50141	0.763944
2.655	-0.5	2.06901	0.461549
2.655	-0.4	2.68972	0.525211
2.655	-0.3	2.86479	0.525211
2.655	-0.2	4.05845	0.716197
2.655	-0.1	3.5969	0.541127
2.655	0	2.99211	0.413803
2.655	0.1	3.46958	0.429718
2.655	0.2	4.18578	0.49338
2.655	0.3	4.34493	0.49338
2.655	0.4	8.80127	0.652535
2.655	0.5	18.6052	1.08225
2.655	0.6	39.7569	1.59155
2.655	0.7	81.169	2.38732
2.655	0.8	135.568	3.1831
2.655	0.87	155.001	9.2469
2.665	-0.8	8.19648	2.29183
2.665	-0.7	5.07704	1.01859
2.665	-0.6	3.34225	0.732113
2.665	-0.5	2.35549	0.49338
2.665	-0.4	2.99211	0.541127
2.665	-0.3	3.5969	0.588873
2.665	-0.2	4.37676	0.748028
2.665	-0.1	3.77197	0.525211
2.665	0	3.15127	0.429718
2.665	0.1	3.75606	0.445634
2.665	0.2	3.37408	0.429718
2.665	0.3	4.99747	0.509296
2.665	0.4	7.41662	0.572958
2.665	0.5	18.1914	1.03451
2.665	0.6	39.6296	1.52789
2.665	0.7	84.7182	2.41916
2.665	0.8	130.348	3.03986
2.665	0.87	128.534	8.18056
2.675	-0.8	6.41394	2.62606
2.675	-0.7	4.39268	0.986761
2.675	-0.6	2.02127	0.604789
2.675	-0.5	1.79845	0.541127
2.675	-0.4	2.48282	0.525211
2.675	-0.3	2.56239	0.509296
2.675	-0.2	3.40592	0.684366
2.675	-0.1	2.70563	0.445634
2.675	0	4.09028	0.509296
2.675	0.1	4.45634	0.509296
2.675	0.2	3.21493	0.429718
2.675	0.3	3.96296	0.461549
2.675	0.4	7.65535	0.620704
2.675	0.5	17.3479	1.05042
2.675	0.6	40.8073	1.65521
2.675	0.7	81.1054	2.4669
2.675	0.8	135.982	3.23085
2.675	0.87	145.102	9.78803
2.685	-0.8	6.31845	1.89394
2.685	-0.7	4.98155	1.09817
2.685	-0.6	3.03986	0.795775
2.685	-0.5	3.15127	0.763944
2.685	-0.4	2.41916	0.716197
2.685	-0.3	3.21493	0.604789
2.685	-0.2	2.10085	0.541127
2.685	-0.1	2.92845	0.49338
2.685	0	3.96296	0.541127
2.685	0.1	3.54916	0.477465
2.685	0.2	2.7693	0.413803
2.685	0.3	4.56775	0.541127
2.685	0.4	6.58901	0.620704
2.685	0.5	19.1304	1.20958
2.685	0.6	39.6455	1.76662
2.685	0.7	80.6438	2.65789
2.685	0.8	130.587	3.40592
2.685	0.87	130.841	11.9207
2.695	-0.8	8.61028	2.35549
2.695	-0.7	4.18578	1.01859
2.695	-0.6	3.56507	0.875352
2.695	-0.5	2.08493	0.620704
2.695	-0.4	2.81704	0.588873
2.695	-0.3	2.61014	0.541127
2.695	-0.2	3.27859	0.95493
2.695	-0.1	2.78521	0.461549
2.695	0	3.29451	0.49338
2.695	0.1	3.61282	0.461549
2.695	0.2	3.05577	0.445634
2.695	0.3	4.09028	0.509296
2.695	0.4	6.44578	0.604789
2.695	0.5	14.8969	1.03451
2.695	0.6	37.5287	1.62338
2.695	0.7	76.6013	2.43507
2.695	0.8	125.621	3.15127
2.695	0.87	151.627	13.2099
2.705	-0.8	7.32113	2.18042
2.705	-0.7	5.79324	1.16183
2.705	-0.6	3.13535	0.779859
2.705	-0.5	2.6738	0.668451
2.705	-0.4	2.72155	0.588873
2.705	-0.3	2.13268	0.445634
2.705	-0.2	2.83296	0.81169
2.705	-0.1	2.70563	0.445634
2.705	0	2.59423	0.413803
2.705	0.1	2.8807	0.413803
2.705	0.2	3.81972	0.49338
2.705	0.3	3.72423	0.49338
2.705	0.4	7.1938	0.652535
2.705	0.5	14.8014	1.09817
2.705	0.6	36.9876	1.81437
2.705	0.7	73.5137	2.83296
2.705	0.8	121.133	3.40592
2.705	0.87	151.579	19.783
2.715	-0.8	7.62352	2.03718
2.715	-0.7	3.96296	0.875352
2.715	-0.6	2.99211	0.684366
2.715	-0.5	1.81437	0.525211
2.715	-0.4	2.13268	0.49338
2.715	-0.3	1.8462	0.397887
2.715	-0.2	2.4669	0.557042
2.715	-0.1	1.97352	0.350141
2.715	0	2.51465	0.381972
2.715	0.1	2.92845	0.397887
2.715	0.2	3.10352	0.413803
2.715	0.3	4.63141	0.49338
2.715	0.4	6.03197	0.541127
2.715	0.5	15.3903	0.970845
2.715	0.6	35.2369	1.44831
2.715	0.7	68.2934	2.16451
2.715	0.8	133.245	3.10352
2.715	0.87	158.662	27.4383
2.725	-0.8	7.16197	2.40324
2.725	-0.7	3.77197	0.970845
2.725	-0.6	2.26	0.652535
2.725	-0.5	1.90986	0.557042
2.725	-0.4	3.07169	0.588873
2.725	-0.3	2.57831	0.49338
2.725	-0.2	2.84887	0.700282
2.725	-0.1	2.94437	0.461549
2.725	0	2.62606	0.413803
2.725	0.1	2.51465	0.381972
2.725	0.2	2.6738	0.397887
2.725	0.3	3.10352	0.413803
2.725	0.4	6.38211	0.572958
2.725	0.5	16.2497	1.01859
2.725	0.6	33.343	1.49606
2.725	0.7	67.9592	2.14859
2.725	0.8	122.645	3.00803
2.725	0.87	179.447	72.5906
2.755	-0.8	4.87014	1.55972
2.755	-0.7	3.26268	0.875352
2.755	-0.6	2.54648	0.668451
2.755	-0.5	2.19634	0.604789
2.755	-0.4	2.45099	0.572958
2.755	-0.3	1.35282	0.350141
2.755	-0.21	3.26268	1.48014
2.755	-0.1	2.72155	0.509296
2.755	0	2.43507	0.557042
2.755	0.1	1.79845	0.381972
2.755	0.2	2.33958	0.620704
2.755	0.3	2.64197	0.381972
2.755	0.4	5.36352	0.541127
2.755	0.5	11.5228	0.859437
2.755	0.6	27.9794	1.35282
2.755	0.7	58.378	2.00535
2.755	0.8	111.186	2.8807
2.755	0.86	138.035	8.37155
2.765	-0.8	4.98155	1.71887
2.765	-0.7	3.43775	0.843521
2.765	-0.6	2.13268	0.604789
2.765	-0.5	1.89394	0.429718
2.765	-0.4	1.65521	0.429718
2.765	-0.3	1.78254	0.588873
2.765	-0.2	1.79845	0.461549
2.765	-0.1	1.83028	0.350141
2.765	0	2.13268	0.366056
2.765	0.1	2.54648	0.366056
2.765	0.2	2.94437	0.413803
2.765	0.3	2.37141	0.350141
2.765	0.4	5.79324	0.541127
2.765	0.5	11.7616	0.859437
2.765	0.6	27.4542	1.27324
2.765	0.7	65.349	2.10085
2.765	0.8	118.857	2.94437
2.765	0.86	137.064	9.29465
2.775	-0.7	3.05577	0.795775
2.775	-0.6	2.49873	0.652535
2.775	-0.5	2.02127	0.557042
2.775	-0.4	2.19634	0.509296
2.775	-0.3	2.53056	0.49338
2.775	-0.2	2.16451	0.525211
2.775	-0.1	1.94169	0.350141
2.775	0	1.79845	0.334225
2.775	0.1	2.40324	0.366056
2.775	0.2	2.19634	0.350141
2.775	0.3	2.96028	0.397887
2.775	0.4	4.34493	0.525211
2.775	0.5	10.4087	0.795775
2.775	0.6	27.5816	1.30507
2.775	0.7	57.3276	1.92577
2.775	0.8	112.252	2.81704
2.775	0.86	142.253	9.9631
2.785	-0.7	2.11676	0.700282
2.785	-0.6	2.41916	0.652535
2.785	-0.5	1.98944	0.572958
2.785	-0.4	2.37141	0.541127
2.785	-0.3	2.4669	0.509296
2.785	-0.2	2.00535	0.509296
2.785	-0.1	1.78254	0.350141
2.785	0	2.26	0.381972
2.785	0.1	2.03718	0.334225
2.785	0.2	2.06901	0.350141
2.785	0.3	2.22817	0.350141
2.785	0.4	4.13803	0.477465
2.785	0.5	9.4538	0.779859
2.785	0.6	26.1173	1.28916
2.785	0.7	58.187	1.98944
2.785	0.8	105.79	2.83296
2.785	0.86	140.693	9.23099
2.795	-0.8	5.4431	1.81437
2.795	-0.7	2.99211	0.843521
2.795	-0.6	1.95761	0.620704
2.795	-0.5	1.59155	0.541127
2.795	-0.4	1.86211	0.49338
2.795	-0.3	1.36873	0.381972
2.795	-0.2	2.49873	0.604789
2.795	-0.1	1.3369	0.31831
2.795	0	1.98944	0.366056
2.795	0.1	2.16451	0.366056
2.795	0.2	1.86211	0.381972
2.795	0.3	2.78521	0.397887
2.795	0.4	4.36085	0.49338
2.795	0.5	9.08775	0.795775
2.795	0.6	27.7089	1.43239
2.795	0.7	57.6618	2.08493
2.795	0.8	114.194	3.11944
2.795	0.86	116.629	8.80127
2.805	-0.8	3.51732	1.32099
2.805	-0.7	2.22817	0.700282
2.805	-0.6	2.03718	0.588873
2.805	-0.5	0.779859	0.350141
2.805	-0.4	2.13268	0.509296
2.805	-0.3	2.06901	0.429718
2.805	-0.2	1.78254	0.604789
2.805	-0.1	1.68704	0.334225
2.805	0	2.13268	0.366056
2.805	0.1	1.90986	0.31831
2.805	0.2	2.11676	0.350141
2.805	0.3	2.53056	0.350141
2.805	0.4	4.50408	0.461549
2.805	0.5	8.88085	0.732113
2.805	0.6	24.7645	1.22549
2.805	0.7	53.0304	1.90986
2.805	0.8	102.05	2.68972
2.805	0.86	104.469	7.36887
2.815	-0.8	2.86479	1.16183
2.815	-0.7	2.35549	0.748028
2.815	-0.6	2.65789	0.716197
2.815	-0.5	1.24141	0.445634
2.815	-0.3	1.46423	0.397887
2.815	-0.2	1.28916	0.49338
2.815	-0.1	1.14592	0.270563
2.815	0	1.81437	0.350141
2.815	0.1	2.0531	0.381972
2.815	0.2	2.18042	0.397887
2.815	0.3	2.99211	0.429718
2.815	0.4	4.83831	0.541127
2.815	0.5	10.1859	0.907183
2.815	0.6	20.897	1.32099
2.815	0.7	54.0013	2.51465
2.815	0.8	98.1986	3.07169
2.815	0.86	139.913	10.0904
2.825	-0.8	4.04254	1.48014
2.825	-0.7	2.72155	0.779859
2.825	-0.6	2.89662	0.923099
2.825	-0.5	1.52789	0.49338
2.825	-0.4	1.40056	0.525211
2.825	-0.3	1.55972	0.413803
2.825	-0.2	1.65521	0.604789
2.825	-0.1	1.19366	0.286479
2.825	0	1.59155	0.31831
2.825	0.1	1.62338	0.302394
2.825	0.2	1.83028	0.334225
2.825	0.3	2.32366	0.334225
2.825	0.4	3.70831	0.445634
2.825	0.5	9.02409	0.748028
2.825	0.6	22.3772	1.20958
2.825	0.7	51.789	1.90986
2.825	0.8	105.997	2.84887
2.825	0.86	121.531	9.11958
2.835	-0.8	3.53324	1.43239
2.835	-0.7	2.86479	0.843521
2.835	-0.6	1.60746	0.557042
2.835	-0.5	1.08225	0.429718
2.835	-0.4	1.24141	0.525211
2.835	-0.3	1.86211	0.588873
2.835	-0.2	1.13	0.477465
2.835	-0.1	0.986761	0.254648
2.835	0	1.62338	0.31831
2.835	0.1	1.67113	0.31831
2.835	0.2	2.57831	0.413803
2.835	0.3	1.90986	0.31831
2.835	0.4	3.5969	0.445634
2.835	0.5	7.94183	0.700282
2.835	0.6	20.8175	1.14592
2.835	0.7	47.5078	1.8462
2.835	0.8	90.7661	2.61014
2.835	0.86	117.345	10.0745
