1.63	1.8	0.8695	-0.775	76.344	4.61	4.392	5.165	6.624	7.954	-16.257	15.933	
1.63	1.8	0.8695	-0.525	66.2	4.318	3.693	4.481	-17.216	7.462	10.328	14.894	
1.63	1.8	0.8695	-0.3	50.957	4.192	7.654	4.541	0.549	7.028	9.638	13.101	
1.63	1.8	0.8695	-0.1	55.231	4.076	-2.075	4.463	8.064	7.144	-2.991	13.216	
1.63	1.8	0.8695	0.1	38.716	3.214	-4.783	3.584	10.601	5.768	2.867	8.48	
1.63	1.8	0.8695	0.3	61.3	3.886	-6.968	4.181	-0.36	7.075	4	14.415	
1.63	1.8	0.8695	0.5	55.52	3.912	-11.009	3.795	-13.567	7.144	2.406	15.288	
1.63	1.8	0.8695	0.675	53.389	4.479	-2.253	4.457	-7.855	8.032	2.166	16.307	
1.63	1.8	0.8695	0.825	72.8	5.621	8.341	5.91	1.791	9.834	12.534	19.435	
1.63	1.8	0.8695	0.95	66.561	7.794	0.627	8.78	7.033	13.951	7.25	26.251	
1.675	1.8	0.8601	-0.775	92.053	4.539	-1.47	5.068	-1.273	8.072	26.23	14.991	
1.675	1.8	0.8601	-0.525	84.724	3.89	-1.785	4.565	-4.107	7.133	14.445	12.344	
1.675	1.8	0.8601	-0.3	85.306	4.021	5.069	4.646	-5.296	7.323	24.336	12.849	
1.675	1.8	0.8601	-0.1	80.557	3.941	-10.179	4.432	7.057	7.146	9.474	12.079	
1.675	1.8	0.8601	0.1	88.336	4.265	-18.198	4.234	-14.346	7.727	21.066	13.887	
1.675	1.8	0.8601	0.3	90.775	4.212	-17.169	4.189	-8.505	7.681	16.43	13.997	
1.675	1.8	0.8601	0.5	111.72	4.058	-18.896	4.274	8.626	7.444	8.95	13.764	
1.675	1.8	0.8601	0.675	157.493	5.144	-21.926	5.262	-8.456	9.452	26.946	19.121	
1.675	1.8	0.8601	0.825	181.944	5.44	-9.288	5.607	-17.06	9.94	12.834	19.71	
1.675	1.8	0.8601	0.95	244.912	8.434	-5.819	9.202	-4.245	15.394	-30	25.382	
1.725	1.8	0.8493	-0.775	62.545	3.562	6.836	4.403	2.069	6.545	12.952	11.038	
1.725	1.8	0.8493	-0.525	48.637	2.41	-4.959	2.826	-14.994	4.642	19.494	8.027	
1.725	1.8	0.8493	-0.3	64.236	2.791	-18.724	3.051	-17.69	5.132	11.912	9.434	
1.725	1.8	0.8493	-0.1	72.6	2.975	-20.315	3.514	1.682	5.559	28.905	9.256	
1.725	1.8	0.8493	0.1	103.985	3.63	-26.415	4.181	-5.346	6.803	26.305	11.723	
1.725	1.8	0.8493	0.3	126.715	4.465	-25.153	5.21	7.104	8.204	28.872	12.959	
1.725	1.8	0.8493	0.5	173.094	5.423	-25.88	5.706	14.784	9.53	3.56	16.361	
1.725	1.8	0.8493	0.675	222.203	5.564	-29.685	10.168	-3.699	4.628	6.374	20.986	
1.725	1.8	0.8493	0.825	286.963	5.787	-21.821	6.284	-6.495	10.676	44.192	20.793	
1.725	1.8	0.8493	0.95	359.912	8.89	-5.383	9.723	-2.334	16.363	25.467	31.141	
1.775	1.8	0.838	-0.775	22.583	2.347	5.321	3.074	5.349	4.088	8.134	5.574	
1.775	1.8	0.838	-0.525	33.331	1.96	-8.016	2.469	-9.157	3.868	8.704	6.356	
1.775	1.8	0.838	-0.3	57.427	2.586	-23.652	3.125	-10.671	4.876	23.255	8.111	
1.775	1.8	0.838	-0.1	74.602	2.771	-21.461	3.305	-6.437	5.25	18.516	8.85	
1.775	1.8	0.838	0.1	111.824	3.226	-25.89	3.812	-5.805	6.116	-0.625	10.436	
1.775	1.8	0.838	0.3	133.959	3.719	-28.706	4.465	-11.346	7.18	21.881	11.985	
1.775	1.8	0.838	0.5	175.972	4.738	-31.101	5.568	12.377	8.846	16.679	13.906	
1.775	1.8	0.838	0.675	204.616	5.894	-19.415	6.028	-0.771	10.611	24.791	17.31	
1.775	1.8	0.838	0.825	247.12	5.033	-6.498	5.675	3.798	9.436	-7.97	17.705	
1.775	1.8	0.838	0.95	303.89	6.946	0.271	7.93	14.748	12.951	33.825	24.292	
1.825	1.8	0.825	-0.775	27.227	2.46	8.975	3.161	-3.063	4.445	8.491	7.134	
1.825	1.8	0.825	-0.525	32.224	1.849	-0.884	2.045	-13.886	3.533	8.7	6.261	
1.825	1.8	0.825	-0.3	52.674	2.336	-18.03	2.883	-3.474	4.458	14.425	7.307	
1.825	1.8	0.825	-0.1	71.238	2.968	-10.717	4.175	-0.634	6.176	13.292	8.22	
1.825	1.8	0.825	0.1	85.341	2.739	-15.259	3.459	4.913	5.357	13.569	8.141	
1.825	1.8	0.825	0.3	119.084	3.167	-28.92	3.878	-7.23	6.148	-0.157	10.307	
1.825	1.8	0.825	0.5	136.231	3.73	-16.624	4.846	0.41	7.587	21.999	11.51	
1.825	1.8	0.825	0.675	163.855	5.278	-12.401	5.366	-15.518	9.559	22.833	16.05	
1.825	1.8	0.825	0.825	204.949	4.545	-20.419	4.942	-24.898	8.648	-14.695	16.367	
1.825	1.8	0.825	0.95	286.487	6.225	-18.771	7.255	-17.842	11.732	1.244	23.024	
1.875	1.8	0.8128	-0.775	33.422	2.204	-4.076	2.696	3.112	4.231	4.732	7.001	
1.875	1.8	0.8128	-0.525	35.432	1.787	-0.461	2.016	-8.264	3.421	12.556	6.137	
1.875	1.8	0.8128	-0.3	42.126	1.933	-12.409	2.287	-1.971	3.721	16.282	6.172	
1.875	1.8	0.8128	-0.1	51.044	2.128	-15.067	2.648	-7.953	4.169	17.752	6.651	
1.875	1.8	0.8128	0.1	80.835	2.876	-14.237	3.957	-2.948	5.869	2.281	8.249	
1.875	1.8	0.8128	0.3	89.921	2.587	-14.172	3.193	-15.009	5.156	14.186	8.412	
1.875	1.8	0.8128	0.5	131.759	3.333	-4.113	4.427	7.959	6.901	17.432	10.33	
1.875	1.8	0.8128	0.675	156.688	4.856	-15.164	5.472	-1.346	8.899	17.294	14.296	
1.875	1.8	0.8128	0.825	188.17	4.369	-8.223	4.835	0.523	8.337	7.805	15.029	
1.875	1.8	0.8128	0.95	271.251	5.749	-13.486	6.928	-7.443	11.099	1.845	20.896	
1.925	1.8	0.7996	-0.775	27.031	1.979	0.736	2.554	12.302	3.748	5.29	5.508	
1.925	1.8	0.7996	-0.525	24.18	1.394	-0.338	1.57	-8.355	2.727	6.388	4.923	
1.925	1.8	0.7996	-0.3	24.822	1.426	-2.18	1.706	-2.593	2.797	10.159	4.942	
1.925	1.8	0.7996	-0.1	36.896	1.761	-8.437	2.132	-6.328	3.49	4.168	5.845	
1.925	1.8	0.7996	0.1	46.913	2.009	-15.607	2.742	-11.717	4.197	5.987	5.816	
1.925	1.8	0.7996	0.3	77.949	2.454	-11.029	3.348	-5.682	5.178	11.527	7.528	
1.925	1.8	0.7996	0.5	107.04	2.698	-14.391	3.431	0.885	5.532	7.101	8.562	
1.925	1.8	0.7996	0.675	133.85	4.34	-7.409	5.45	1.799	8.335	23.799	12.067	
1.925	1.8	0.7996	0.825	187.544	4.408	-6.221	4.842	-0.153	8.414	14.897	14.692	
1.925	1.8	0.7996	0.95	258.416	5.275	-13.708	6.327	-1.508	10.371	29.505	19.003	
1.975	1.8	0.7836	-0.775	25.178	1.771	1.337	2.271	3.012	3.486	11.471	6.436	
1.975	1.8	0.7836	-0.525	11.039	0.89	1.571	1.068	-1.891	1.713	5.935	2.962	
1.975	1.8	0.7836	-0.3	14.053	1.157	-1.055	1.397	-1.211	2.309	7.86	3.814	
1.975	1.8	0.7836	-0.1	21.799	1.34	-6.038	1.525	-6.702	2.678	5.327	4.48	
1.975	1.8	0.7836	0.1	40.692	1.794	-12.815	2.268	-12.47	3.675	0.945	5.872	
1.975	1.8	0.7836	0.3	63.626	2.217	-17.491	3.105	-11.993	4.787	3.823	6.467	
1.975	1.8	0.7836	0.5	96.62	2.481	-3.764	3.296	1.465	5.239	14.909	7.836	
1.975	1.8	0.7836	0.675	113.25	3.812	-5.78	5.089	6.848	7.679	25.921	10.529	
1.975	1.8	0.7836	0.825	154.553	4.228	-6.056	4.962	21.237	7.941	8.127	12.177	
1.975	1.8	0.7836	0.95	247.78	4.911	-19.916	5.925	23.196	9.853	5.877	17.057	
2.025	1.8	0.7683	-0.775	7.431	1.011	2.392	1.326	1.898	1.901	3.145	2.886	
2.025	1.8	0.7683	-0.525	4.266	0.594	1.114	0.702	-1.46	1.143	0.718	1.988	
2.025	1.8	0.7683	-0.3	8.249	0.863	-3.179	1.007	-2.14	1.794	5.297	2.889	
2.025	1.8	0.7683	-0.1	17.626	1.159	-6.089	1.349	-5.462	2.349	1.516	3.831	
2.025	1.8	0.7683	0.1	36.631	1.607	-9.165	1.981	-8.401	3.282	9.061	5.163	
2.025	1.8	0.7683	0.3	53.227	2.07	-12.096	3.04	-8.126	4.588	3.53	5.726	
2.025	1.8	0.7683	0.5	74.726	2.149	-4.601	2.971	-6.931	4.7	5.325	6.628	
2.025	1.8	0.7683	0.675	93.162	3.126	-6.199	4.273	-9.856	6.712	6.925	9.272	
2.025	1.8	0.7683	0.825	127.029	4.044	-12.532	4.795	5.944	7.697	8.839	11.261	
2.025	1.8	0.7683	0.95	224.677	4.534	-20.301	5.529	22.948	9.273	34.579	15.597	
2.075	1.8	0.7489	-0.775	3.617	0.701	0.47	0.888	-0.452	1.418	1.4	2.297	
2.075	1.8	0.7489	-0.525	2.154	0.472	0.633	0.593	-0.201	0.915	0.046	1.423	
2.075	1.8	0.7489	-0.3	9.821	0.962	-4.01	1.193	-1.152	2.006	0.28	3.163	
2.075	1.8	0.7489	-0.1	17.95	1.112	-4.55	1.351	-3.316	2.329	5.151	3.618	
2.075	1.8	0.7489	0.1	27.363	1.334	-7.17	1.618	-8.42	2.798	8	4.42	
2.075	1.8	0.7489	0.3	43.72	1.724	-15.333	2.358	-12.863	3.751	6.903	5.153	
2.075	1.8	0.7489	0.5	64.84	2.139	-0.813	3.247	-3.495	4.984	12.613	5.941	
2.075	1.8	0.7489	0.675	88.089	3.013	-3.445	4.36	6.019	6.747	8.03	8.567	
2.075	1.8	0.7489	0.825	127.83	4.398	-12.821	5.438	6.36	8.262	7.415	11.905	
2.075	1.8	0.7489	0.95	233.279	4.728	-8.143	5.893	16.51	9.919	2.456	16.333	
2.125	1.8	0.7287	-0.775	1.072	0.544	0.468	0.742	0.404	0.968	-0.199	1.364	
2.125	1.8	0.7287	-0.525	2.133	0.457	0.49	0.585	-0.207	0.932	-0.669	1.431	
2.125	1.8	0.7287	-0.3	6.925	0.759	-3.768	0.956	-1.348	1.667	0.832	2.502	
2.125	1.8	0.7287	-0.1	11.408	0.891	-3.384	1.125	-1.496	1.919	5.424	2.786	
2.125	1.8	0.7287	0.1	21.016	1.131	-4.729	1.452	-2.65	2.443	5.793	3.619	
2.125	1.8	0.7287	0.3	35.946	1.508	-6.587	1.971	-11.704	3.221	5.666	4.569	
2.125	1.8	0.7287	0.5	52.237	2.043	-3.963	3.169	-5.995	4.794	12.245	5.23	
2.125	1.8	0.7287	0.675	78.549	2.729	-8.973	3.942	-3.984	6.24	8.441	8.047	
2.125	1.8	0.7287	0.825	131.838	4.731	-12.736	6.511	25.95	9.351	6.788	11.256	
2.125	1.8	0.7287	0.95	216.705	4.576	-4.123	5.864	14.374	9.862	13.363	15.282	
2.175	1.8	0.7042	-0.775	0.615	0.41	0.496	0.575	0.15	0.7	-0.212	0.838	
2.175	1.8	0.7042	-0.525	1.215	0.372	0.215	0.471	-0.34	0.805	0.394	1.24	
2.175	1.8	0.7042	-0.3	3.723	0.511	-2.369	0.698	0.712	1.205	-0.01	1.462	
2.175	1.8	0.7042	-0.1	8.442	0.779	-3.437	0.986	-1.921	1.731	-1.618	2.567	
2.175	1.8	0.7042	0.1	15.331	0.977	-3.639	1.27	-2.018	2.185	4.017	3.125	
2.175	1.8	0.7042	0.3	29.318	1.37	-6.916	1.877	-2	3.054	7.457	4.124	
2.175	1.8	0.7042	0.5	47.444	2.282	1.396	3.782	-1.904	5.529	-1.892	5.096	
2.175	1.8	0.7042	0.675	74.63	2.625	-9.092	3.897	-10.737	6.241	4.61	7.628	
2.175	1.8	0.7042	0.825	110.492	4.347	-21.244	5.937	-5.451	9.028	12.167	11.064	
2.175	1.8	0.7042	0.95	226.21	4.853	-0.387	6.423	6.357	10.778	22.006	16.307	
2.225	1.8	0.6791	-0.775	0.747	0.422	0.372	0.554	-0.297	0.897	0.056	1.377	
2.225	1.8	0.6791	-0.525	0.896	0.303	0.318	0.426	0.259	0.635	-0.261	0.658	
2.225	1.8	0.6791	-0.3	3.057	0.502	-2.09	0.7	0.425	1.172	0.77	1.494	
2.225	1.8	0.6791	-0.1	5.304	0.644	-2.256	0.855	-0.994	1.471	1.694	1.978	
2.225	1.8	0.6791	0.1	13.459	0.931	-2.987	1.224	-3.464	2.155	2.061	3.038	
2.225	1.8	0.6791	0.3	21.759	1.191	-3.02	1.61	-4.137	2.723	-0.198	3.706	
2.225	1.8	0.6791	0.5	45.294	2.178	-2.703	3.548	-4.714	5.229	7.557	5.194	
2.225	1.8	0.6791	0.675	69.843	2.609	-2.058	4.028	-5.571	6.353	14.74	7.188	
2.225	1.8	0.6791	0.825	104.07	4.077	-29.275	5.584	-21.914	9.139	13.965	10.899	
2.225	1.8	0.6791	0.95	206.146	4.867	-1.311	6.627	1.892	11.144	3.814	15.629	
2.275	1.8	0.6516	-0.775	1.319	0.435	0.856	0.636	0.324	0.906	0.661	1.064	
2.275	1.8	0.6516	-0.525	0.592	0.283	0.118	0.341	-0.426	0.665	-0.064	0.909	
2.275	1.8	0.6516	-0.3	2.13	0.454	-1.001	0.597	-0.83	1.081	0.788	1.419	
2.275	1.8	0.6516	-0.1	4.144	0.579	-2.248	0.795	-0.924	1.378	-0.365	1.812	
2.275	1.8	0.6516	0.1	8.947	0.782	-2.374	1.071	-1.451	1.886	2.74	2.558	
2.275	1.8	0.6516	0.3	18.905	1.111	-2.558	1.575	-1.649	2.662	3.145	3.417	
2.275	1.8	0.6516	0.5	32.077	1.525	-12.799	2.22	-15.942	3.676	0.705	4.467	
2.275	1.8	0.6516	0.675	60.098	2.586	-2.432	4.174	-15.815	6.582	3.495	7.009	
2.275	1.8	0.6516	0.825	104.867	4.367	-11.89	6.6	-14.22	10.016	16.807	10.867	
2.275	1.8	0.6516	0.95	197.126	5.115	-9.335	7.007	-14.887	12.164	4.133	16.664	
2.325	1.8	0.621	-0.775	1.151	0.378	0.397	0.527	-0.475	0.912	-0.292	1.363	
2.325	1.8	0.621	-0.525	0.322	0.249	0.129	0.372	0.089	0.587	-0.049	0.595	
2.325	1.8	0.621	-0.3	1.493	0.416	-0.247	0.608	-0.08	1.054	0.369	1.369	
2.325	1.8	0.621	-0.1	1.607	0.444	-0.496	0.647	-0.246	1.126	0.852	1.318	
2.325	1.8	0.621	0.1	8.711	0.736	-2.167	1.076	0.148	1.861	2.001	2.332	
2.325	1.8	0.621	0.3	14.521	0.963	-2.815	1.367	-5.027	2.435	1.983	3.087	
2.325	1.8	0.621	0.5	28.391	1.548	-6.791	2.375	-9.985	3.846	3.373	4.321	
2.325	1.8	0.621	0.675	59.63	2.772	-4.05	4.702	-18.449	7.305	13.134	7.409	
2.325	1.8	0.621	0.825	91.286	4.176	-9.4	6.744	-10.485	10.25	13.417	10.214	
2.325	1.8	0.621	0.95	195.204	5.524	-21.99	7.741	-11.441	13.691	7.225	17.745	
2.375	1.8	0.5907	-0.775	0.995	0.321	0.796	0.536	-0.086	0.888	-0.622	0.831	
2.375	1.8	0.5907	-0.525	0.286	0.218	0.108	0.372	0.131	0.614	0.047	0.474	
2.375	1.8	0.5907	-0.3	1.247	0.37	-0.355	0.468	-1.303	0.989	1.145	1.234	
2.375	1.8	0.5907	-0.1	2.815	0.492	-0.586	0.733	-0.788	1.31	1.174	1.691	
2.375	1.8	0.5907	0.1	4.328	0.564	-1.745	0.842	-0.379	1.488	1.119	1.761	
2.375	1.8	0.5907	0.3	13.04	0.898	-1.623	1.373	-1.659	2.378	0.508	2.784	
2.375	1.8	0.5907	0.5	28.562	1.52	-6.545	2.408	-6.18	3.944	6.688	4.34	
2.375	1.8	0.5907	0.675	55.829	2.936	-4.554	5.314	-11.836	8.113	6.571	7.076	
2.375	1.8	0.5907	0.825	89.385	4.015	-10.644	6.692	-23.331	10.583	9.048	10.21	
2.375	1.8	0.5907	0.95	166.379	5.398	-29.836	7.829	-8.228	14.215	12.066	17.057	
2.425	1.8	0.5588	-0.775	0.526	0.227	0.354	0.321	-0.354	0.608	0.085	0.639	
2.425	1.8	0.5588	-0.525	1.021	0.267	0.56	0.446	0.931	0.694	-0.251	0.63	
2.425	1.8	0.5588	-0.3	0.305	0.218	-0.013	0.348	-0.033	0.615	-0.132	0.628	
2.425	1.8	0.5588	-0.1	1.481	0.368	-0.67	0.556	-0.595	1.017	-0.237	1.203	
2.425	1.8	0.5588	0.1	3.611	0.516	-1.936	0.806	-0.412	1.419	0.249	1.517	
2.425	1.8	0.5588	0.3	9.91	0.804	-1.173	1.276	-0.918	2.25	1.52	2.532	
2.425	1.8	0.5588	0.5	22.712	1.255	-6.876	1.949	-10.334	3.488	8.748	3.982	
2.425	1.8	0.5588	0.675	47.759	2.451	-5.183	4.118	-21.413	6.669	13.167	6.96	
2.425	1.8	0.5588	0.825	69.949	3.386	-19.103	5.497	-35.685	9.474	15.546	9.83	
2.425	1.8	0.5588	0.95	158.855	5.975	-20.212	8.921	-18.023	16.16	22.825	19.011	
2.475	1.8	0.5289	-0.775	1.19	0.272	0.295	0.38	-1.414	0.812	0.67	0.999	
2.475	1.8	0.5289	-0.525	0.261	0.182	0.106	0.309	0.073	0.528	0.236	0.481	
2.475	1.8	0.5289	-0.3	0.635	0.257	-0.121	0.414	-0.105	0.764	0.116	0.817	
2.475	1.8	0.5289	-0.1	1.049	0.305	-0.745	0.503	0.195	0.883	-0.066	0.878	
2.475	1.8	0.5289	0.1	4.185	0.481	-1.728	0.806	0.685	1.418	-0.846	1.44	
2.475	1.8	0.5289	0.3	7.467	0.677	-1.465	1.115	-0.907	2.009	3.075	2.195	
2.475	1.8	0.5289	0.5	19.068	1.133	-5.628	1.81	-9.935	3.329	2.574	3.619	
2.475	1.8	0.5289	0.675	40	0	-1.747	0	-23.759	0	0.22	0.21	
2.475	1.8	0.5289	0.825	62.17	3.208	-16.29	5.418	-58.12	9.59	9.205	9.396	
2.475	1.8	0.5289	0.95	142.048	5.008	-27.197	8.655	-14.85	5.947	21.731	16.922	
2.525	1.8	0.4983	-0.775	0.542	0.228	0.324	0.421	-0.018	0.726	0.029	0.606	
2.525	1.8	0.4983	-0.525	0.033	0.08	0.004	0.139	-0.003	0.253	0.025	0.246	
2.525	1.8	0.4983	-0.3	0.19	0.167	0.022	0.276	-0.035	0.518	0.107	0.483	
2.525	1.8	0.4983	-0.1	1.139	0.275	-0.569	0.504	0.971	0.871	0.182	0.716	
2.525	1.8	0.4983	0.1	0.858	0.313	-0.308	0.565	0.241	1.006	0.006	0.843	
2.525	1.8	0.4983	0.3	6.619	0.607	-1.199	1.062	0.116	1.913	0.041	1.861	
2.525	1.8	0.4983	0.5	14.121	0.998	-2.634	1.699	-3.845	3.072	2.375	3.176	
2.525	1.8	0.4983	0.675	32.728	2.297	-1.327	4.236	-19.686	6.677	0.94	5.876	
2.525	1.8	0.4983	0.825	59.679	3.378	-13.19	6.679	-40.798	10.964	7.505	8.835	
2.525	1.8	0.4983	0.95	125.285	5.543	-31.047	8.584	-15.969	16.91	17.107	17.861	
2.575	1.8	0.4658	-0.775	0.138	0.143	0.165	0.276	-0.045	0.548	-0.015	0.062	
2.575	1.8	0.4658	-0.525	0.049	0.09	0.067	0.192	0.025	0.27	-0.018	0.103	
2.575	1.8	0.4658	-0.3	0.066	0.097	0.002	0.2	-0.013	0.328	0.074	0.247	
2.575	1.8	0.4658	-0.1	0.823	0.223	-0.447	0.411	0.115	0.758	0.202	0.653	
2.575	1.8	0.4658	0.1	1.813	0.342	-1.593	0.631	0.627	1.067	0.15	0.905	
2.575	1.8	0.4658	0.3	3.404	0.455	-1.276	0.814	-0.862	1.552	0.925	1.439	
2.575	1.8	0.4658	0.5	11.764	0.865	-2.91	1.497	-3.791	2.885	-0.62	2.719	
2.575	1.8	0.4658	0.675	27.487	1.877	-4.234	3.375	-22.766	5.878	9.884	5.634	
2.575	1.8	0.4658	0.825	46.04	3.245	-20.288	7.366	-57.145	12.33	2.788	8.377	
2.575	1.8	0.4658	0.95	81.911	5.041	-24.8	8.319	-21.41	16.828	15.978	17.373	
1.63	2.6	0.8055	-0.775	39.371	2.714	-10.08	3.186	3.433	5.255	2.233	10.879	
1.63	2.6	0.8055	-0.525	32.133	2.593	6.547	2.882	-14.066	4.87	11.477	9.247	
1.63	2.6	0.8055	-0.3	28.344	2.578	8.043	3.331	22.749	4.32	-3.544	5.799	
1.63	2.6	0.8055	-0.1	32.515	2.628	-0.073	2.871	-1.494	4.939	7.284	10.202	
1.63	2.6	0.8055	0.1	29.192	2.473	-0.677	2.681	1.028	4.723	8.809	9.764	
1.63	2.6	0.8055	0.3	40.419	2.766	-2.197	2.861	-6.408	5.347	-8.085	12.035	
1.63	2.6	0.8055	0.5	33.682	2.701	-3.009	2.733	-8.605	5.273	17.057	11.636	
1.63	2.6	0.8055	0.675	37.287	3.266	-0.664	3.677	4.234	6.353	-10.895	14.718	
1.63	2.6	0.8055	0.825	49.061	3.894	-2.613	3.893	-17.219	7.596	17.311	18.235	
1.63	2.6	0.8055	0.95	42.314	5.401	2.906	6.161	0.141	10.405	4.638	20.76	
1.675	2.6	0.7963	-0.775	45.333	2.5	-0.773	3.069	11.536	4.603	4.023	8.003	
1.675	2.6	0.7963	-0.525	43.424	2.346	4.299	2.909	4.033	4.353	4.118	8.008	
1.675	2.6	0.7963	-0.3	39.183	2.253	-0.353	2.72	2.814	4.273	10.878	7.238	
1.675	2.6	0.7963	-0.1	46.96	2.45	-7.85	2.654	-7.368	4.787	15.654	9.126	
1.675	2.6	0.7963	0.1	48.409	2.509	-9.234	2.676	-1.725	4.876	5.96	9.103	
1.675	2.6	0.7963	0.3	49.425	2.42	-7.515	2.6	1.755	4.729	-7.391	8.549	
1.675	2.6	0.7963	0.5	57.4	2.443	-3.193	2.524	-7.386	4.81	-6.179	9.447	
1.675	2.6	0.7963	0.675	85.619	3.199	-11.506	3.466	-7.243	6.341	20.202	13.642	
1.675	2.6	0.7963	0.825	100.91	3.376	-8.186	3.613	-16.455	6.69	29.334	14.702	
1.675	2.6	0.7963	0.95	136.575	5.105	-7.654	5.744	-3.391	10.049	0.286	21.136	
1.725	2.6	0.7804	-0.775	29	1.821	-2.528	2.278	-1.83	3.692	6.613	6.453	
1.725	2.6	0.7804	-0.525	29.904	1.622	0.849	2.115	0.042	3.391	8.73	5.669	
1.725	2.6	0.7804	-0.3	35.099	1.8	-5.188	2.176	-5.846	3.645	-5.609	6.725	
1.725	2.6	0.7804	-0.1	46.46	2.128	-10.934	2.717	-1.458	4.387	10.29	7.63	
1.725	2.6	0.7804	0.1	58.272	2.45	-12.842	3.162	2.804	5.096	0.774	8.387	
1.725	2.6	0.7804	0.3	68.679	2.84	-16.896	3.278	-7.671	5.693	4.152	9.662	
1.725	2.6	0.7804	0.5	99.876	3.189	-22.111	3.483	-10.851	6.384	4.289	11.353	
1.725	2.6	0.7804	0.675	112.64	3.448	-11.353	3.914	-2.696	6.92	11.473	12.925	
1.725	2.6	0.7804	0.825	166.315	3.794	-12.572	4.33	-6.691	7.632	-1.07	15.733	
1.725	2.6	0.7804	0.95	231.812	5.99	-7.657	6.856	-23.009	11.977	-3.239	25.151	
1.775	2.6	0.765	-0.775	13.2	1.389	-2.863	1.877	-3.429	2.968	2.739	4.561	
1.775	2.6	0.765	-0.525	21.431	1.412	-1.744	1.907	-2.967	2.94	5.846	4.642	
1.775	2.6	0.765	-0.3	33.47	1.721	-5.174	2.349	0.696	3.673	15.057	5.7	
1.775	2.6	0.765	-0.1	43.362	1.861	-10.883	2.439	0.536	3.87	6.828	6.238	
1.775	2.6	0.765	0.1	63.916	2.254	-15.366	3.011	5.46	4.785	3.566	7.616	
1.775	2.6	0.765	0.3	87.489	2.89	-13.806	3.876	5.456	6.112	9.747	9.546	
1.775	2.6	0.765	0.5	96.245	2.974	-13.681	3.53	-1.279	6.016	12.578	9.769	
1.775	2.6	0.765	0.675	121.033	3.502	-7.851	3.999	1.985	7.125	16.765	11.837	
1.775	2.6	0.765	0.825	145.349	3.427	-11.448	3.972	-12.47	7.053	-13.82	13.739	
1.775	2.6	0.765	0.95	197.586	5.07	-9.658	6.164	3.697	10.353	4.901	20.479	
1.825	2.6	0.7481	-0.775	13.869	1.404	0.359	1.889	-0.073	2.865	4.733	4.366	
1.825	2.6	0.7481	-0.525	18.011	1.213	-3.032	1.623	-4.922	2.638	4.35	4.25	
1.825	2.6	0.7481	-0.3	31.761	1.819	-3.6	2.719	-1.027	4.088	14.491	5.559	
1.825	2.6	0.7481	-0.1	43.899	2.04	-7.806	3.034	4.776	4.634	17.475	6.177	
1.825	2.6	0.7481	0.1	51.878	1.903	-9.74	2.567	-0.317	4.122	11.22	6.407	
1.825	2.6	0.7481	0.3	73.405	2.34	-13.872	3.251	-0.548	5.245	10.992	8.031	
1.825	2.6	0.7481	0.5	79.359	2.71	-9.707	3.554	0.504	5.679	12.466	8.545	
1.825	2.6	0.7481	0.675	94.545	3.203	-2.476	3.754	-2.099	6.589	13.147	10.519	
1.825	2.6	0.7481	0.825	126.876	3.225	-4.565	3.73	-6.402	6.755	6.678	11.991	
1.825	2.6	0.7481	0.95	167.261	4.454	-17.693	5.354	-15.309	9.311	11.543	17.549	
1.875	2.6	0.7306	-0.775	16.505	1.291	-0.002	1.571	-5.219	2.724	5.943	4.785	
1.875	2.6	0.7306	-0.525	17.378	1.058	-5.197	1.317	-4.688	2.265	6.535	3.589	
1.875	2.6	0.7306	-0.3	27.796	1.491	-6.68	1.962	-6.983	3.221	9.477	5.294	
1.875	2.6	0.7306	-0.1	32.799	1.747	-8.659	2.556	-2.481	3.919	13.165	5.216	
1.875	2.6	0.7306	0.1	48.783	1.913	-11.629	2.801	3.631	4.37	-1.768	5.951	
1.875	2.6	0.7306	0.3	57.461	1.908	-8.734	2.57	-0.023	4.223	4.117	6.534	
1.875	2.6	0.7306	0.5	82.412	2.671	-4.114	3.84	4.628	5.941	0.532	8.14	
1.875	2.6	0.7306	0.675	103.017	3.449	-2.109	4.315	1.109	7.17	9.872	10.841	
1.875	2.6	0.7306	0.825	118.169	3.13	4.727	3.764	0.757	6.653	2.551	11.293	
1.875	2.6	0.7306	0.95	159.88	4.276	-4.335	5.186	-12.127	9.197	26.673	16.519	
1.925	2.6	0.714	-0.775	15.083	1.204	-1.69	1.558	-0.38	2.632	2.163	4.379	
1.925	2.6	0.714	-0.525	13.246	0.909	1.745	1.174	-1.948	1.957	3.482	3.086	
1.925	2.6	0.714	-0.3	15.998	1.068	-4.071	1.424	-1.316	2.355	4.942	3.636	
1.925	2.6	0.714	-0.1	23.056	1.358	-6.64	1.897	-2.985	3.018	8.154	4.334	
1.925	2.6	0.714	0.1	31.89	1.54	-11.971	2.268	-7.937	3.598	5.847	4.837	
1.925	2.6	0.714	0.3	47.367	1.686	-9.839	2.323	-4.479	3.811	4.216	5.801	
1.925	2.6	0.714	0.5	72.32	2.336	0.598	3.386	10.899	5.222	12.417	6.973	
1.925	2.6	0.714	0.675	82.079	3.043	-16.091	3.959	-2.663	6.459	-3.892	9.289	
1.925	2.6	0.714	0.825	112.721	3.059	-1.728	3.715	-5.693	6.669	7.578	10.692	
1.925	2.6	0.714	0.95	160.958	4.121	0.047	5.14	1.876	9.064	15.898	16.254	
1.975	2.6	0.6971	-0.775	8.99	0.867	0.615	1.12	-1.978	1.914	3.425	3.076	
1.975	2.6	0.6971	-0.525	6.543	0.584	-1.745	0.569	-6.554	1.338	2.853	1.914	
1.975	2.6	0.6971	-0.3	6.322	0.668	-0.704	0.892	-0.93	1.516	0.783	2.317	
1.975	2.6	0.6971	-0.1	14.149	1.006	-4.224	1.375	-1.926	2.27	3.441	3.424	
1.975	2.6	0.6971	0.1	26.119	1.395	-8.428	1.984	-6.299	3.181	0.772	4.577	
1.975	2.6	0.6971	0.3	45.125	1.712	-2.446	2.64	-0.998	4.13	3.908	5.384	
1.975	2.6	0.6971	0.5	59.458	1.93	-1.515	2.87	-0.12	4.574	11.846	6.206	
1.975	2.6	0.6971	0.675	73.413	3.124	-0.666	4.602	5.403	6.771	-5.07	8.594	
1.975	2.6	0.6971	0.825	100.645	3.053	-3.065	3.796	-4.763	6.697	25.281	10.337	
1.975	2.6	0.6971	0.95	163.072	3.91	-2.706	5.103	13.009	8.802	4.497	14.746	
2.025	2.6	0.6805	-0.775	4.28	0.681	1.24	0.944	-0.23	1.475	0.055	2.266	
2.025	2.6	0.6805	-0.525	2.858	0.428	0	0.557	-1.15	0.996	-1.12	1.575	
2.025	2.6	0.6805	-0.3	5.611	0.666	-1.476	0.848	-2.093	1.535	2.732	2.439	
2.025	2.6	0.6805	-0.1	11.527	0.895	-2.64	1.24	-0.964	2.063	0.549	3.144	
2.025	2.6	0.6805	0.1	23.298	1.225	-7.029	1.784	-6.852	2.932	0.709	4.125	
2.025	2.6	0.6805	0.3	35.607	1.618	-3.631	2.635	-0.988	4.022	1.368	4.595	
2.025	2.6	0.6805	0.5	50.819	1.732	-2.076	2.597	0.663	4.141	4.511	5.511	
2.025	2.6	0.6805	0.675	61.603	2.665	-10.489	3.99	-6.41	6.199	7.986	7.712	
2.025	2.6	0.6805	0.825	86.514	3.046	-0.666	4.081	10.159	6.676	5.162	9.453	
2.025	2.6	0.6805	0.95	142.9	3.61	-1.722	4.786	3.772	8.33	0.491	13.757	
2.075	2.6	0.6613	-0.775	2.701	0.562	0.794	0.788	-0.376	1.245	-0.349	1.991	
2.075	2.6	0.6613	-0.525	1.294	0.326	-0.111	0.427	-0.439	0.769	0.588	1.139	
2.075	2.6	0.6613	-0.3	4.604	0.586	-1.274	0.728	-2.042	1.39	-0.428	2.187	
2.075	2.6	0.6613	-0.1	12.485	0.864	-4.345	1.212	-0.785	2.048	0.313	2.95	
2.075	2.6	0.6613	0.1	18.442	1.04	-4.503	1.546	-1.815	2.546	3.265	3.413	
2.075	2.6	0.6613	0.3	26.946	1.393	-4.417	2.263	-1.788	3.481	5.145	3.912	
2.075	2.6	0.6613	0.5	42.044	1.583	-3.806	2.47	-1.852	3.94	3.375	4.954	
2.075	2.6	0.6613	0.675	56.081	2.695	3.389	4.358	4.637	6.417	3.627	7.046	
2.075	2.6	0.6613	0.825	82.116	3.033	-19.375	3.743	-23.405	7.023	8.073	9.965	
2.075	2.6	0.6613	0.95	143.163	3.693	5.281	5.118	8.127	8.754	26.272	13.751	
2.125	2.6	0.6387	-0.775	0.354	0.267	0.304	0.413	0.194	0.498	-0.117	0.501	
2.125	2.6	0.6387	-0.525	0.752	0.23	-0.048	0.307	-0.294	0.58	0.145	0.805	
2.125	2.6	0.6387	-0.3	3.734	0.499	-1.144	0.707	-0.206	1.235	0.795	1.729	
2.125	2.6	0.6387	-0.1	8.094	0.695	-2.715	0.988	-0.531	1.711	0.015	2.409	
2.125	2.6	0.6387	0.1	13.201	0.843	-2.215	1.183	-2.957	2.07	1.228	3.122	
2.125	2.6	0.6387	0.3	21.706	1.259	-4.646	2.131	-6.025	3.34	7.386	3.634	
2.125	2.6	0.6387	0.5	35.14	1.552	-0.978	2.572	2.387	3.989	5.727	4.357	
2.125	2.6	0.6387	0.675	45.683	2.151	-8.02	3.318	-9.836	5.443	4.306	6.647	
2.125	2.6	0.6387	0.825	78.838	3.293	-10.737	4.723	-0.242	7.563	6.301	9.323	
2.125	2.6	0.6387	0.95	134.541	3.657	7.768	5.133	-3.11	8.906	31.713	13.643	
2.175	2.6	0.6113	-0.775	0.594	0.364	0.216	0.55	0.034	0.85	-0.416	1.239	
2.175	2.6	0.6113	-0.525	0.923	0.313	0.182	0.414	-0.644	0.768	0.463	1.14	
2.175	2.6	0.6113	-0.3	3.519	0.474	-2.565	0.731	1.922	1.192	0.252	1.379	
2.175	2.6	0.6113	-0.1	4.399	0.517	-1.9	0.759	-0.057	1.331	0.521	1.733	
2.175	2.6	0.6113	0.1	9.821	0.74	-2.617	1.102	-0.632	1.914	0.178	2.587	
2.175	2.6	0.6113	0.3	14.293	0.99	-2.115	1.648	-1.546	2.623	-1.018	2.822	
2.175	2.6	0.6113	0.5	26.962	1.5	-3.07	2.623	0.847	4.08	1.791	3.908	
2.175	2.6	0.6113	0.675	51.668	2.327	-1.583	3.837	0.479	6.135	3.808	6.715	
2.175	2.6	0.6113	0.825	68.891	3.176	-21.77	4.552	-16.158	7.776	0.63	9.365	
2.175	2.6	0.6113	0.95	133.562	3.835	4.304	5.396	-18.542	9.71	-2.401	14.187	
2.225	2.6	0.5833	-0.775	0.389	0.29	0.179	0.454	-0.044	0.739	-0.12	0.853	
2.225	2.6	0.5833	-0.525	0.639	0.238	0.01	0.317	-0.587	0.636	-0.492	0.831	
2.225	2.6	0.5833	-0.3	2.293	0.395	-1.905	0.62	1.162	1.031	0.394	1.085	
2.225	2.6	0.5833	-0.1	3.202	0.476	-0.745	0.75	1.014	1.278	-0.162	1.453	
2.225	2.6	0.5833	0.1	6.733	0.605	-1.712	0.934	0.493	1.632	-0.114	1.955	
2.225	2.6	0.5833	0.3	12.891	0.903	-4.958	1.45	-1.895	2.46	2.085	2.837	
2.225	2.6	0.5833	0.5	25.65	1.589	-4.317	2.968	-8.107	4.62	6.072	4.202	
2.225	2.6	0.5833	0.675	36.614	1.793	-13.422	2.809	-13.123	4.928	4.749	5.76	
2.225	2.6	0.5833	0.825	56.874	2.777	-26.25	3.711	-37.013	7.301	4.334	8.581	
2.225	2.6	0.5833	0.95	118.597	3.882	-2.578	5.469	-24.894	10.219	9.487	14.079	
2.275	2.6	0.5516	-0.775	0.775	0.308	0.031	0.557	1.065	0.946	0.126	0.531	
2.275	2.6	0.5516	-0.525	0.231	0.171	-0.077	0.251	-0.177	0.515	0.112	0.544	
2.275	2.6	0.5516	-0.3	0.999	0.27	-0.59	0.437	0.368	0.765	-0.075	0.864	
2.275	2.6	0.5516	-0.1	2.396	0.427	-0.581	0.713	0.778	1.233	0.851	1.265	
2.275	2.6	0.5516	0.1	4.809	0.554	-0.646	0.886	0.433	1.572	0.019	1.807	
2.275	2.6	0.5516	0.3	10.131	0.794	-3.142	1.307	-0.86	2.266	0.236	2.49	
2.275	2.6	0.5516	0.5	21.675	1.539	-1.87	2.883	-2.42	4.475	6.372	3.766	
2.275	2.6	0.5516	0.675	38.335	2.064	-12.503	3.534	-7.251	6.011	8.107	6.36	
2.275	2.6	0.5516	0.825	61.398	3.647	-12.105	6.167	-16.703	9.443	13.132	9.397	
2.275	2.6	0.5516	0.95	117.53	4.26	-17.88	5.975	-30.94	11.962	-1.531	15.396	
2.325	2.6	0.5195	-0.775	0.729	0.27	-0.173	0.462	0.088	0.825	-0.128	1.015	
2.325	2.6	0.5195	-0.525	0.234	0.202	-0.134	0.339	0.003	0.639	-0.026	0.658	
2.325	2.6	0.5195	-0.3	0.624	0.231	-0.264	0.404	0.483	0.699	0.03	0.624	
2.325	2.6	0.5195	-0.1	0.981	0.318	-0.856	0.505	-0.365	0.973	0.123	0.854	
2.325	2.6	0.5195	0.1	4.808	0.535	-1.022	0.859	-1.038	1.617	2.259	1.836	
2.325	2.6	0.5195	0.3	8.456	0.722	-3.285	1.231	-0.772	2.189	2.264	2.387	
2.325	2.6	0.5195	0.5	17.416	1.285	-5.884	2.406	-3.177	3.999	3.376	3.476	
2.325	2.6	0.5195	0.675	30.511	1.827	-14.937	3.172	-11.423	5.62	-7.633	5.73	
2.325	2.6	0.5195	0.825	56.012	4.047	11.49	7.568	4.175	10.562	3.933	8.218	
2.325	2.6	0.5195	0.95	97.776	4.176	-14.571	6.324	-13.276	12.506	3.343	13.93	
2.375	2.6	0.4817	-0.775	0.548	0.225	0.061	0.391	-0.33	0.748	-0.013	0.681	
2.375	2.6	0.4817	-0.525	0.236	0.188	-0.08	0.33	-0.025	0.61	0.205	0.558	
2.375	2.6	0.4817	-0.3	0.681	0.275	-0.381	0.459	-0.267	0.892	0.293	0.879	
2.375	2.6	0.4817	-0.1	1.729	0.374	-1.099	0.67	0.713	1.194	0.407	1.086	
2.375	2.6	0.4817	0.1	2.794	0.461	-1.555	0.776	-0.507	1.495	0.396	1.551	
2.375	2.6	0.4817	0.3	7.567	0.677	-3.155	1.183	-1.032	2.209	-1.827	2.152	
2.375	2.6	0.4817	0.5	15.531	1.055	-9.746	1.808	-9.053	3.439	-4.069	3.404	
2.375	2.6	0.4817	0.675	37.661	2.683	1.095	5.392	2.9	8.582	7.381	6.387	
2.375	2.6	0.4817	0.825	55.227	3.387	-17.895	6.08	-43.49	10.793	2.108	10.073	
2.375	2.6	0.4817	0.95	93.706	4.669	-4.598	7.637	-0.657	14.867	7.348	14.713	
2.425	2.6	0.435054	-0.775	0.18938	2.70944	0.0756238	4.25454	-1.13258	7.51654
2.425	2.6	0.435054	-0.525	0.914998	2.07703	0.22991	3.2422	0.0729076	5.80695
2.425	2.6	0.435054	-0.3	0.462896	2.73557	-0.225972	4.24614	-0.406402	7.72761
2.425	2.6	0.435054	-0.1	2.59327	3.89001	-2.63297	6.03573	0.285178	10.8754
2.425	2.6	0.435054	0.1	1.99033	5.38095	-2.1146	8.34615	-1.39899	15.0144
2.425	2.6	0.435054	0.3	7.10221	7.85273	-3.21294	12.476	1.53267	22.0317
2.425	2.6	0.435054	0.5	11.4349	12.7872	-17.8733	20.842	-20.0046	35.6068
2.425	2.6	0.435054	0.675	32.3996	22.8493	7.59526	39.5122	1.70888	64.4645
2.425	2.6	0.435054	0.825	47.8896	35.9001	-32.461	59.8855	-70.7332	95.2444
2.425	2.6	0.435054	0.95	77.956	47.0806	18.2995	68.8134	4.87714	127.997
2.475	2.6	0.396627	-0.775	1.65091	2.74474	0.515037	4.17836	-3.31315	7.8604
2.475	2.6	0.396627	-0.525	-0.627907	2.14687	-0.484892	3.58635	-1.26452	6.08851
2.475	2.6	0.396627	-0.3	2.16111	2.77342	-0.669236	4.3713	-1.7652	8.02305
2.475	2.6	0.396627	-0.1	1.45206	3.72573	-1.74829	5.90015	4.59941	10.6232
2.475	2.6	0.396627	0.1	5.76587	5.3974	-2.81129	8.59281	2.78467	15.4425
2.475	2.6	0.396627	0.3	4.66685	7.82452	-5.05538	12.612	-5.98942	22.5487
2.475	2.6	0.396627	0.5	7.09743	12.8318	-18.4149	20.8969	-23.5914	36.747
2.475	2.6	0.396627	0.675	53.6444	28.1293	36.9136	49.4617	32.4972	80.5883
2.475	2.6	0.396627	0.825	47.8461	36.697	-66.9722	62.1418	-149.086	102.365
2.475	2.6	0.396627	0.95	102.476	51.4735	19.8945	79.1658	26.7086	104.06
2.525	2.6	0.356167	-0.775	0.380154	2.71492	1.04387	4.32346	-3.02991	8.07398
2.525	2.6	0.356167	-0.525	-0.955284	1.51268	-0.668318	2.61354	-3.05077	4.62945
2.525	2.6	0.356167	-0.3	2.98313	2.50606	-0.142942	3.98529	-3.21309	7.48706
2.525	2.6	0.356167	-0.1	3.08897	3.7111	-1.11494	6.21777	2.66298	10.9994
2.525	2.6	0.356167	0.1	3.24708	4.71821	-1.91699	7.93206	0.258922	14.2062
2.525	2.6	0.356167	0.3	5.91482	7.76065	-2.95007	12.9245	0.476184	23.1805
2.525	2.6	0.356167	0.5	5.88536	12.6242	-20.0236	20.6915	-23.8254	37.2578
2.525	2.6	0.356167	0.675	49.8355	31.129	47.9701	56.4858	47.4983	89.3393
2.525	2.6	0.356167	0.825	57.0533	37.674	-77.7676	65.785	-158.278	111.783
2.525	2.6	0.356167	0.95	85.139	57.8633	27.3486	90.8364	43.1318	115.426
2.575	2.6	0.313692	-0.775	-2.40179	2.45282	0.427411	4.15961	-3.68082	8.0459
2.575	2.6	0.313692	-0.525	-1.42129	1.3901	-0.7933	2.57964	-4.03148	4.21918
2.575	2.6	0.313692	-0.3	4.12587	1.85171	-0.303676	3.42225	-1.82428	5.92617
2.575	2.6	0.313692	-0.1	2.03417	3.45674	-1.66727	6.00689	3.53221	10.7747
2.575	2.6	0.313692	0.1	8.12982	4.80014	-8.07229	8.41459	-0.0543537	14.6895
2.575	2.6	0.313692	0.3	3.83926	7.36868	-3.76087	12.669	-1.2138	23.2537
2.575	2.6	0.313692	0.5	6.99538	12.7866	-23.4039	21.2555	-17.4782	39.3076
2.575	2.6	0.313692	0.675	67.5511	30.6653	67.4409	54.4914	21.756	90.3298
2.575	2.6	0.313692	0.825	55.2814	41.0548	-105.957	76.1742	-207.374	129.972
2.575	2.6	0.313692	0.95	75.9723	66.2158	42.045	106.445	23.9375	129.075
1.63	3.45	0.725	-0.775	37.26	2.903	-0.282	3.774	8.927	6.083	-6.067	5.587	
1.63	3.45	0.725	-0.525	25.659	2.483	2.919	3.187	-0.365	5.126	1.135	4.032	
1.63	3.45	0.725	-0.3	19.508	2.251	-5.147	2.971	5.737	4.938	-0.365	2.624	
1.63	3.45	0.725	-0.1	25.453	2.682	3.696	3.19	-2.957	5.462	0.774	4.883	
1.63	3.45	0.725	0.1	21.913	2.439	3.734	3.155	8.131	4.927	-0.208	3.535	
1.63	3.45	0.725	0.3	23.373	2.322	0.266	2.935	6.8	4.907	-0.635	3.535	
1.63	3.45	0.725	0.5	25.93	2.638	1.449	3.042	-3.371	5.592	-0.816	5.129	
1.63	3.45	0.725	0.675	24.728	3.056	0.523	3.596	-0.615	6.516	0.694	5.368	
1.63	3.45	0.725	0.825	34.39	3.576	10.772	4.411	1.804	7.583	2.431	6.509	
1.63	3.45	0.725	0.95	30.426	5.044	2.806	6.144	-5.311	10.778	0.423	9.952	
1.675	3.45	0.7114	-0.775	27.065	1.967	-3.778	2.584	6.361	4.236	5.013	3.107	
1.675	3.45	0.7114	-0.525	29.475	2.227	10.711	3.036	6.336	4.24	2.526	2.732	
1.675	3.45	0.7114	-0.3	28.067	2.165	4.741	2.974	6.756	4.589	5.067	2.938	
1.675	3.45	0.7114	-0.1	24.452	1.939	-2.744	2.494	5.198	4.122	2.572	2.766	
1.675	3.45	0.7114	0.1	23.612	1.928	-0.378	2.365	-0.011	4.126	3.453	2.634	
1.675	3.45	0.7114	0.3	32.47	2.214	-4.747	2.27	-17.497	4.859	4.975	3.867	
1.675	3.45	0.7114	0.5	41.063	2.35	1.638	2.665	-8.815	5.054	2.964	4.016	
1.675	3.45	0.7114	0.675	55.351	2.902	0.353	3.318	-10.554	6.33	6.363	5.192	
1.675	3.45	0.7114	0.825	79.395	3.355	1.882	3.804	-21.78	7.383	3.936	6.724	
1.675	3.45	0.7114	0.95	97.612	4.649	-1.423	5.911	10.237	10.272	-13.872	8.633	
1.725	3.45	0.6922	-0.775	20.643	1.787	2.571	2.491	-1.455	3.955	3.017	2.914	
1.725	3.45	0.6922	-0.525	17.758	1.36	-2.225	1.87	2.237	3.076	4.402	1.952	
1.725	3.45	0.6922	-0.3	22.842	1.61	-4.966	2.257	-2.174	3.796	2.284	2.465	
1.725	3.45	0.6922	-0.1	27.198	1.882	-4.192	2.806	3.436	4.532	8.248	2.649	
1.725	3.45	0.6922	0.1	36.398	2.287	-5.581	3.23	2.263	5.246	6.729	3.112	
1.725	3.45	0.6922	0.3	50.357	2.781	-5.512	3.478	-12.288	6.208	7.999	4.39	
1.725	3.45	0.6922	0.5	55.777	2.553	-6.435	3.149	0.642	5.722	0.933	3.805	
1.725	3.45	0.6922	0.675	76.504	3.07	-2.334	3.787	4.2	6.894	0.568	5.083	
1.725	3.45	0.6922	0.825	105.541	3.356	-5.197	3.891	-21.437	7.6	13.064	6.166	
1.725	3.45	0.6922	0.95	123.725	4.855	14.869	6.134	3.554	11.018	8.448	8.202	
1.775	3.45	0.6741	-0.775	7.083	0.989	-4.215	1.313	-1.696	2.261	2.059	1.481	
1.775	3.45	0.6741	-0.525	13.132	1.136	-7.055	1.593	-1.89	2.594	2.126	1.774	
1.775	3.45	0.6741	-0.3	22.988	1.595	-3.884	2.486	5.516	3.959	6.823	2.29	
1.775	3.45	0.6741	-0.1	31.919	1.805	-6.837	2.581	-0.016	4.269	6.259	2.916	
1.775	3.45	0.6741	0.1	36.964	1.952	-10.091	2.688	-5.159	4.614	0.035	2.77	
1.775	3.45	0.6741	0.3	46.646	2.352	-12.613	3.148	-9.602	5.432	5.685	3.355	
1.775	3.45	0.6741	0.5	67.039	3.007	0.374	4.162	3.592	6.607	4.833	4.161	
1.775	3.45	0.6741	0.675	69.173	2.798	-3.546	3.543	5.65	6.456	6.148	4.358	
1.775	3.45	0.6741	0.825	90.728	2.949	0.344	3.643	2.618	6.837	-1.943	5.07	
1.775	3.45	0.6741	0.95	147.246	5.487	-12.01	6.011	-55.403	12.811	12.841	10.174	
1.825	3.45	0.6506	-0.775	9.782	1.298	0.159	1.842	-6.398	3.098	1.87	2.323	
1.825	3.45	0.6506	-0.525	13.441	1.263	-3.694	2.003	0.086	3.198	1.681	1.701	
1.825	3.45	0.6506	-0.3	19.194	1.589	-7.198	2.556	0	4.067	3.986	2.068	
1.825	3.45	0.6506	-0.1	25.131	1.613	-10.161	2.514	2.326	4.058	3.664	2.178	
1.825	3.45	0.6506	0.1	31.979	1.696	-6.787	2.409	-6.602	4.176	4.192	2.648	
1.825	3.45	0.6506	0.3	47.576	2.324	-2.496	3.551	6.292	5.737	-0.465	3.091	
1.825	3.45	0.6506	0.5	56.103	2.772	-5.358	4.113	-3.325	6.535	6.786	3.784	
1.825	3.45	0.6506	0.675	64.994	3.059	0.83	4.082	-1.623	7.137	5.682	4.779	
1.825	3.45	0.6506	0.825	81.481	2.952	0.595	3.76	2.557	7.088	-4.273	4.937	
1.825	3.45	0.6506	0.95	120.97	4.584	1.332	5.733	-15.471	11.059	1.901	7.687	
1.875	3.45	0.6308	-0.775	10.568	1.194	-1.555	1.793	3.361	2.962	0.889	1.606	
1.875	3.45	0.6308	-0.525	13.254	1.073	-2.898	1.533	-5.252	2.691	3.627	1.871	
1.875	3.45	0.6308	-0.3	18.058	1.457	-3.863	2.272	5.239	3.626	4.805	1.937	
1.875	3.45	0.6308	-0.1	21.099	1.68	-1.006	2.71	7.446	4.14	4.737	1.803	
1.875	3.45	0.6308	0.1	31.125	1.722	-3.632	2.679	-4.174	4.435	0.533	2.644	
1.875	3.45	0.6308	0.3	35.537	1.799	-5.764	2.707	1.715	4.523	4.109	2.506	
1.875	3.45	0.6308	0.5	49.873	2.462	-7.826	3.82	-0.408	6.043	5.234	3.259	
1.875	3.45	0.6308	0.675	53.015	2.771	-11.367	3.947	-4.666	6.867	4.855	3.825	
1.875	3.45	0.6308	0.825	75.303	2.938	-2.999	4.051	15.568	7.3	2.788	4.631	
1.875	3.45	0.6308	0.95	115.977	4.439	-7.897	5.911	-11.2	10.902	0.988	7.367	
1.925	3.45	0.6053	-0.775	7.463	0.949	-0.664	1.319	-2.69	2.453	1.302	1.522	
1.925	3.45	0.6053	-0.525	9.449	0.885	-2.898	1.196	-5.852	2.286	2.646	1.541	
1.925	3.45	0.6053	-0.3	10.784	1.075	-2.601	1.689	2.021	2.789	3.015	1.575	
1.925	3.45	0.6053	-0.1	15.014	1.36	-4.177	2.314	1.545	3.743	1.011	1.745	
1.925	3.45	0.6053	0.1	17.631	1.272	-9.834	1.931	-7.076	3.311	1.492	1.731	
1.925	3.45	0.6053	0.3	31.705	1.746	-0.482	2.845	2.799	4.669	3.35	2.383	
1.925	3.45	0.6053	0.5	40.961	2.197	-4.103	3.693	7.956	5.844	1.723	2.54	
1.925	3.45	0.6053	0.675	56.184	3.39	-1.134	5.368	-5.593	8.356	8.327	4.262	
1.925	3.45	0.6053	0.825	78.837	3.286	-7.946	4.544	-2.345	8.505	4.775	5.166	
1.925	3.45	0.6053	0.95	111.644	4.318	12.799	6.058	-16.059	11.225	10.582	6.982	
1.975	3.45	0.5833	-0.775	7.111	0.926	1.625	1.396	-1.142	2.403	3.048	1.593	
1.975	3.45	0.5833	-0.525	5.336	0.678	1.12	1.04	-1.384	1.817	1.856	1.159	
1.975	3.45	0.5833	-0.3	5.659	0.81	-0.661	1.294	0.689	2.197	2.207	1.155	
1.975	3.45	0.5833	-0.1	8.281	0.891	-5.158	1.355	-0.638	2.384	1.616	1.251	
1.975	3.45	0.5833	0.1	14.399	1.289	-5.168	2.111	-2.151	3.446	-0.229	1.567	
1.975	3.45	0.5833	0.3	26.996	1.687	-1.069	3.052	2.627	4.937	0.999	2.079	
1.975	3.45	0.5833	0.5	41.733	2.102	-1.371	3.514	2.266	5.734	5.576	2.823	
1.975	3.45	0.5833	0.675	48.635	3.117	-10.168	5.067	0.304	8.119	9.498	3.935	
1.975	3.45	0.5833	0.825	65.523	3.225	-1.538	4.711	1.54	8.401	3.03	4.52	
1.975	3.45	0.5833	0.95	107.687	4.101	15.363	6.222	6.812	11.068	2.585	6.236	
2.025	3.45	0.5616	-0.775	1.617	0.454	-0.697	0.649	-1.158	1.35	0.259	0.651	
2.025	3.45	0.5616	-0.525	1.926	0.448	0.288	0.617	-1.993	1.259	0.093	0.795	
2.025	3.45	0.5616	-0.3	4.117	0.709	0.193	1.134	0.415	1.93	1.925	1.131	
2.025	3.45	0.5616	-0.1	8.599	0.904	-5.241	1.444	1.535	2.504	0.386	1.294	
2.025	3.45	0.5616	0.1	14.918	1.273	-3.924	2.16	-0.423	3.57	2.664	1.639	
2.025	3.45	0.5616	0.3	25.063	1.745	-1.828	3.278	1.966	5.21	1.451	2.121	
2.025	3.45	0.5616	0.5	34.797	1.788	-5.319	3.043	-4.129	5.167	2.177	2.612	
2.025	3.45	0.5616	0.675	44.817	2.922	-14.607	4.912	-15.461	8.248	2.553	3.914	
2.025	3.45	0.5616	0.825	58.826	3.29	-4.024	4.749	-10.945	8.654	4.099	4.729	
2.025	3.45	0.5616	0.95	104.248	4.061	5.12	6.085	-15.887	11.294	13.125	6.548	
2.075	3.45	0.5394	-0.775	0.925	0.328	0.359	0.442	-0.901	0.915	0.245	0.51	
2.075	3.45	0.5394	-0.525	1.07	0.363	0.19	0.551	-0.561	1.045	-0.034	0.638	
2.075	3.45	0.5394	-0.3	3.948	0.648	-2.833	1.079	0.546	1.904	-0.011	1.004	
2.075	3.45	0.5394	-0.1	7.874	0.775	-4.79	1.264	1.99	2.244	1.409	1.215	
2.075	3.45	0.5394	0.1	11.237	0.988	-4.413	1.664	-0.962	2.895	2.381	1.458	
2.075	3.45	0.5394	0.3	15.877	1.242	-5.957	2.268	-7.533	3.776	2.004	1.655	
2.075	3.45	0.5394	0.5	28.871	1.68	-3.129	3.092	1.575	5.161	4.868	2.181	
2.075	3.45	0.5394	0.675	34.334	2.467	-10.957	4.367	-8.543	7.424	3.142	3.139	
2.075	3.45	0.5394	0.825	55.378	3.348	-8.586	5.253	-9.33	9.211	2.703	4.651	
2.075	3.45	0.5394	0.95	94.972	3.881	-3.165	5.752	-31.615	11.215	1.507	6.262	
2.125	3.45	0.5145	-0.775	0.427	0.348	0.296	0.596	0.018	0.915	-0.039	0.52	
2.125	3.45	0.5145	-0.525	1.203	0.37	-0.54	0.466	-1.523	1.121	-0.098	0.535	
2.125	3.45	0.5145	-0.3	3.337	0.541	-2.584	0.887	0.41	1.65	0.432	0.987	
2.125	3.45	0.5145	-0.1	4.832	0.617	-2.904	1.037	1.112	1.879	1.828	0.965	
2.125	3.45	0.5145	0.1	9.14	0.857	-2.008	1.471	-0.823	2.621	2.181	1.368	
2.125	3.45	0.5145	0.3	14.235	1.298	-0.419	2.462	3.315	3.868	1.949	1.359	
2.125	3.45	0.5145	0.5	20.903	1.364	-8.446	2.444	-4.016	4.254	4.435	1.876	
2.125	3.45	0.5145	0.675	32.551	2.338	-8.005	4.173	-10.528	7.268	3.422	3.158	
2.125	3.45	0.5145	0.825	46.172	3.141	-16.539	5.167	-12.498	9.181	0.971	3.903	
2.125	3.45	0.5145	0.95	97.694	4.201	2.283	6.477	-22.62	12.606	5.184	6.462	
2.175	3.45	0.4841	-0.775	0.154	0.205	0.116	0.334	-0.159	0.602	0.001	0.109	
2.175	3.45	0.4841	-0.525	0.642	0.296	0.24	0.494	-0.452	0.927	0.15	0.544	
2.175	3.45	0.4841	-0.3	3.156	0.55	-1.388	1.023	4.388	1.796	-0.102	0.76	
2.175	3.45	0.4841	-0.1	3.127	0.53	-0.72	0.914	0.15	1.72	-0.438	0.848	
2.175	3.45	0.4841	0.1	5.839	0.7	-1.622	1.213	-1.138	2.269	1.316	1.069	
2.175	3.45	0.4841	0.3	10.712	1.037	-4.361	1.981	-2.237	3.437	2.167	1.351	
2.175	3.45	0.4841	0.5	18.979	1.534	-4.773	3.084	-3.688	5.219	-0.891	1.906	
2.175	3.45	0.4841	0.675	31.689	2.169	-12.865	3.841	-19.205	7.22	2.165	3.121	
2.175	3.45	0.4841	0.825	43.207	3.456	-17.44	5.991	-12.606	10.356	3.399	4.096	
2.175	3.45	0.4841	0.95	92.494	4.465	-2.974	6.621	-47.008	14.161	9.222	6.66	
2.225	3.45	0.429334	-0.775	1.09273	2.90411	-0.0159135	4.49181	-0.443816	7.04107
2.225	3.45	0.429334	-0.525	0.619736	2.76166	0.0226246	3.77535	-0.559035	7.30082
2.225	3.45	0.429334	-0.3	2.68091	4.83472	-0.493656	7.37956	4.00989	12.8213
2.225	3.45	0.429334	-0.1	3.30593	5.7261	1.50959	8.89218	-0.902944	15.594
2.225	3.45	0.429334	0.1	4.33585	7.47892	-1.16132	11.6584	0.140751	20.429
2.225	3.45	0.429334	0.3	11.3359	10.6743	-6.61836	18.2631	2.72375	29.7985
2.225	3.45	0.429334	0.5	18.6494	14.8038	-8.53784	26.1285	-16.4041	42.0606
2.225	3.45	0.429334	0.675	26.6337	21.2476	-12.7838	34.9126	-23.9504	58.6896
2.225	3.45	0.429334	0.825	30.8542	30.1257	-32.4467	43.0157	-48.8946	77.2312
2.225	3.45	0.429334	0.95	86.7833	37.5754	-9.80591	53.8098	-46.4196	98.8656
2.275	3.45	0.394726	-0.775	0.0151175	2.93508	-0.307369	4.75929	1.29107	7.28268
2.275	3.45	0.394726	-0.525	-1.19768	2.47265	1.27554	3.46218	2.58135	6.89309
2.275	3.45	0.394726	-0.3	1.35525	4.15711	4.65965	6.60562	7.88186	11.3964
2.275	3.45	0.394726	-0.1	3.80457	5.36177	2.63031	8.52482	-2.71708	14.94
2.275	3.45	0.394726	0.1	1.6421	7.0432	1.13246	11.0422	-4.98854	19.538
2.275	3.45	0.394726	0.3	9.9286	10.2067	-12.7202	17.2936	-15.8039	28.8285
2.275	3.45	0.394726	0.5	21.5407	15.6706	7.96512	28.3964	4.12641	45.3266
2.275	3.45	0.394726	0.675	29.4242	21.763	-26.0598	35.8884	-39.2408	61.3612
2.275	3.45	0.394726	0.825	57.5517	33.3221	14.2201	49.9273	32.5576	86.4387
2.275	3.45	0.394726	0.95	81.455	41.5279	-29.6818	59.3657	-77.802	111.575
2.325	3.45	0.358299	-0.775	0.421441	3.10014	-0.294211	5.10057	0.787733	8.69256
2.325	3.45	0.358299	-0.525	-1.35696	2.51577	1.11057	3.74922	0.338354	7.34082
2.325	3.45	0.358299	-0.3	3.78743	3.6273	6.12712	6.06213	8.25135	10.4016
2.325	3.45	0.358299	-0.1	-0.130067	4.74626	3.35877	7.57903	-8.41367	13.7675
2.325	3.45	0.358299	0.1	2.63373	6.80984	0.82632	10.8238	-11.0412	19.5092
2.325	3.45	0.358299	0.3	4.79181	9.60051	-13.7805	16.2125	-1.45555	27.8029
2.325	3.45	0.358299	0.5	19.1309	16.4284	4.8777	30.632	4.39323	49.1101
2.325	3.45	0.358299	0.675	43.7455	22.3818	-19.2956	37.568	-35.9069	65.2694
2.325	3.45	0.358299	0.825	71.8746	37.6812	35.4126	57.9206	56.8685	98.9082
2.325	3.45	0.358299	0.95	60.3526	45.9128	-30.3172	66.1171	-61.1827	127.665
2.375	3.45	0.320052	-0.775	-0.959787	3.39394	0.725579	5.77067	0.716723	10.1866
2.375	3.45	0.320052	-0.525	-2.23532	2.50516	0.782018	3.89176	0.158513	7.60637
2.375	3.45	0.320052	-0.3	5.3295	3.55908	2.01031	5.93523	6.37215	10.5468
2.375	3.45	0.320052	-0.1	5.20889	4.93282	2.37443	8.15274	-10.4817	14.7267
2.375	3.45	0.320052	0.1	0.49534	6.769	-3.25018	10.947	-6.40727	20.1448
2.375	3.45	0.320052	0.3	9.46746	9.70817	-15.6986	16.3755	-4.49026	29.0883
2.375	3.45	0.320052	0.5	20.917	16.6516	10.8913	30.0153	-29.3505	51.435
2.375	3.45	0.320052	0.675	49.5369	25.9623	18.3108	44.3303	-39.9093	76.4213
2.375	3.45	0.320052	0.825	90.0838	42.9433	42.7325	67.8416	68.8787	117.681
2.375	3.45	0.320052	0.95	48.7054	53.9638	-22.4442	79.7189	-62.835	154.729
2.425	3.45	0.280004	-0.775	-1.46993	3.92781	2.34972	6.84479	-0.498147	12.4254
2.425	3.45	0.280004	-0.525	-1.60113	2.81325	1.07596	4.5243	1.27245	8.78907
2.425	3.45	0.280004	-0.3	7.46345	3.89598	0.867924	6.55342	6.96448	11.7739
2.425	3.45	0.280004	-0.1	7.93472	5.53706	2.3054	9.23756	-11.7157	16.9038
2.425	3.45	0.280004	0.1	-2.56434	7.71783	-1.37718	12.6237	-8.49903	23.5355
2.425	3.45	0.280004	0.3	5.48864	10.9782	-14.2277	18.7055	-7.19841	33.5871
2.425	3.45	0.280004	0.5	27.3079	18.7963	-0.0151863	33.6669	-53.269	58.7478
2.425	3.45	0.280004	0.675	84.3892	32.0634	61.5048	56.997	-10.9092	97.4241
2.425	3.45	0.280004	0.825	111.21	54.9855	-20.4164	97.2286	-16.7521	153.687
2.425	3.45	0.280004	0.95	54.3422	65.7517	-13.8865	98.9444	-35.4612	195.51
2.475	3.45	0.23819	-0.775	-0.863741	4.61529	1.23789	7.95522	-0.716283	14.7544
2.475	3.45	0.23819	-0.525	-1.79525	3.67221	1.07986	6.28958	0.382452	11.7379
2.475	3.45	0.23819	-0.3	9.90713	4.74627	2.79435	8.11823	5.72387	14.7448
2.475	3.45	0.23819	-0.1	11.5972	6.50042	2.14486	10.8285	-12.7958	20.2042
2.475	3.45	0.23819	0.1	-1.12731	9.32847	-2.43112	15.3713	-7.46826	29.2583
2.475	3.45	0.23819	0.3	4.72324	13.2081	-14.6195	22.7873	-4.991	41.5129
2.475	3.45	0.23819	0.5	17.8098	21.7974	-2.63967	38.5978	-83.3025	69.5539
2.475	3.45	0.23819	0.675	95.9258	40.4902	101.914	73.3331	-0.736913	125.827
2.475	3.45	0.23819	0.825	125.759	68.9493	-37.9011	125.091	-62.4194	200.128
2.475	3.45	0.23819	0.95	46.1663	83.0728	-0.291916	129.814	-27.9226	253.883
2.525	3.45	0.194667	-0.775	-0.929821	6.07104	1.99962	10.5104	-2.32749	20.0412
2.525	3.45	0.194667	-0.525	-2.67884	5.00645	0.592128	8.74078	-1.29677	16.142
2.525	3.45	0.194667	-0.3	12.7838	7.31035	1.89441	12.1734	4.65068	23.5218
2.525	3.45	0.194667	-0.1	15.2207	9.97104	1.88888	17.7252	-9.67596	31.628
2.525	3.45	0.194667	0.1	-0.19982	12.3883	-2.96428	20.8046	-6.34232	39.9214
2.525	3.45	0.194667	0.3	5.02775	18.2042	-15.4732	31.7047	-6.06676	59.0144
2.525	3.45	0.194667	0.5	14.9521	28.4868	-4.99788	48.8084	-66.0163	92.3561
2.525	3.45	0.194667	0.675	132.025	70.8547	152.956	140.545	8.14611	224.804
2.525	3.45	0.194667	0.825	103.886	90.7766	-41.1441	162.267	-81.9593	286.378
2.525	3.45	0.194667	0.95	46.0338	124.703	12.6991	202.729	-15.6829	388.44
2.575	3.45	0.149512	-0.775	-4.20563	29.587	0.663915	48.0154	-2.61421	89.3287
2.575	3.45	0.149512	-0.525	-3.44123	19.3317	0.285292	33.2873	-2.62844	57.8616
2.575	3.45	0.149512	-0.3	15.3577	26.9386	1.87403	45.2141	5.13777	81.6188
2.575	3.45	0.149512	-0.1	19.4359	41.5138	2.93404	68.4534	-10.1981	123.106
2.575	3.45	0.149512	0.1	1.89846	56.8869	-5.68887	93.9143	-7.36162	168.857
2.575	3.45	0.149512	0.3	3.29425	85.8436	-14.6991	142.609	-6.58223	256.674
2.575	3.45	0.149512	0.5	11.8951	142.567	-6.02409	236.901	-76.6215	422.129
2.575	3.45	0.149512	0.675	143.744	300.35	194.86	532.672	17.5631	874.512
2.575	3.45	0.149512	0.825	121.529	424.868	-80.4875	740.678	-140.451	1221.01
2.575	3.45	0.149512	0.95	5.26106	596.236	12.7659	914.63	-12.931	1364.8
