1.725   0.650   0.657   -0.60    13.60    5.77     9.079    9.914     4.55    13.44
1.725   0.650   0.657   -0.25    14.20    5.25     4.653    8.740     1.86    11.86
1.725   0.650   0.657    0.05    23.77    4.89    10.720    8.457    -1.04    10.96
1.725   0.650   0.657    0.35    21.47    4.66    -1.513    7.778     1.54    11.19
1.725   0.650   0.657    0.65    33.89    6.95    17.112   11.328     6.78    15.21
1.725   0.650   0.657    0.90    17.27    5.63    -3.224    7.481   -15.63    12.14
1.775   0.650   0.613   -0.60    17.16    4.36    -1.061    6.548    -2.17    10.77
1.775   0.650   0.613   -0.25    40.59    4.24     2.051    6.223   -19.51    10.49
1.775   0.650   0.613    0.05    47.74    4.71     0.665    7.566   -13.12    10.29
1.775   0.650   0.613    0.35    48.37    6.34    -3.055   11.370   -39.04    14.66
1.775   0.650   0.613    0.65    47.93    7.03    -9.885   13.294   -19.76    18.05
1.775   0.650   0.613    0.90    43.33    7.52     0.537   10.663    -5.58    18.27
1.825   0.650   0.564   -0.60    42.58    4.47     4.087    7.029    -5.23    12.16
1.825   0.650   0.564   -0.25    66.96    4.11     9.631    6.194   -32.80    11.19
1.825   0.650   0.564    0.05    79.53    4.54    -0.141    7.368   -44.47    11.55
1.825   0.650   0.564    0.35    85.89    5.83   -19.219   10.380   -45.79    14.28
1.825   0.650   0.564    0.65    73.31    7.43     1.018   14.425   -12.51    19.31
1.825   0.650   0.564    0.90    59.05    9.66   -16.504   15.047   -20.18    23.23
1.875   0.650   0.510   -0.60    37.77    4.24     5.204    7.566   -33.68    13.18
1.875   0.650   0.510   -0.25    91.99    4.20     2.687    6.859   -64.93    12.76
1.875   0.650   0.510    0.05   110.48    4.48    -3.196    7.340   -75.89    12.71
1.875   0.650   0.510    0.35   116.35    5.32   -10.225    9.263   -47.19    14.83
1.875   0.650   0.510    0.65    83.41    7.99   -32.018   16.476   -75.53    22.19
1.875   0.650   0.510    0.90    63.42    9.82     1.626   17.253    11.26    25.95
1.925   0.650   0.451   -0.60    39.25    3.94    25.541    7.651   -27.57    13.78
1.925   0.650   0.451   -0.25    76.54    3.78     3.790    6.944   -45.26    12.98
1.925   0.650   0.451    0.05   102.15    4.07     0.820    7.453   -51.88    13.46
1.925   0.650   0.451    0.35    95.27    4.45   -21.114    8.358   -31.10    14.58
1.925   0.650   0.451    0.65    80.52    7.90    -9.447   17.126     9.22    23.69
1.925   0.650   0.451    0.90    55.45   17.87   -18.611   38.848     9.07    47.57
1.975   0.650   0.386   -0.60    24.39    2.90     3.479    6.095    -5.58    11.75
1.975   0.650   0.386   -0.25    54.04    3.03    -6.760    6.152   -37.64    12.33
1.975   0.650   0.386    0.05    75.65    3.46    -4.794    7.099   -17.68    13.86
1.975   0.650   0.386    0.35    73.56    3.97    -9.928    8.245   -19.92    15.63
1.975   0.650   0.386    0.65    71.42    5.36    -9.334   11.809    -5.14    19.50
1.975   0.650   0.386    0.90    66.20   18.24    13.548   44.717    61.37    59.51
2.050   0.650   0.279   -0.60    12.71    1.65     0.127    4.356   -18.31     9.13
2.050   0.650   0.279   -0.25    27.56    1.71     3.451    4.441   -28.20     9.66
2.050   0.650   0.279    0.05    46.18    2.00    -5.530    4.950   -40.75    11.23
2.050   0.650   0.279    0.35    48.95    2.38    -6.661    6.081   -16.23    13.08
2.050   0.650   0.279    0.65    49.12    3.71   -27.365    9.899    -6.29    18.81
2.050   0.650   0.279    0.90    37.90   19.69   -36.218   59.510   -64.51    80.56
1.725   1.000   0.531   -0.60     8.58    3.49    -1.570    7.241     3.17    11.21
1.725   1.000   0.531   -0.25    11.74    6.39    -0.905   13.251    -4.15    17.61
1.725   1.000   0.531    0.05    16.52    3.73     2.701    6.901    -1.58    10.24
1.725   1.000   0.531    0.35    19.74    5.44     3.437   10.409     7.41    13.34
1.725   1.000   0.531    0.65    16.51    4.26     7.877    7.764     2.95    10.32
1.725   1.000   0.531    0.90    13.33    5.11    -1.881    8.471    -6.34    14.21
1.775   1.000   0.480   -0.60    14.52    3.58     3.041    6.463    -2.39    11.05
1.775   1.000   0.480   -0.25    26.97    3.32     0.523    5.926    -5.57    10.37
1.775   1.000   0.480    0.05    31.72    5.64     9.984   11.667   -10.08    14.83
1.775   1.000   0.480    0.35    35.73    5.70    -1.146   12.191    -9.70    16.93
1.775   1.000   0.480    0.65    30.85    7.54    -9.334   15.825    -5.29    20.75
1.775   1.000   0.480    0.90    28.56    6.84     2.645   12.290     9.52    19.27
1.825   1.000   0.425   -0.60    32.60    3.52    -7.594    6.491    10.55    12.62
1.825   1.000   0.425   -0.25    45.46    3.63     6.237    6.435   -18.92    12.84
1.825   1.000   0.425    0.05    54.40    4.14    -4.879    7.948   -19.32    14.11
1.825   1.000   0.425    0.35    62.10    5.98     3.196   12.841    -1.71    19.30
1.825   1.000   0.425    0.65    40.45    6.73   -13.378   15.684   -28.15    23.25
1.825   1.000   0.425    0.90    52.97    9.37    28.143   18.738    -4.58    28.50
1.875   1.000   0.365   -0.60    36.83    3.77   -25.710    8.358    -0.84    16.33
1.875   1.000   0.365   -0.25    59.23    3.79     1.923    7.750   -37.94    16.09
1.875   1.000   0.365    0.05    79.34    4.41     6.604    9.334   -36.72    17.42
1.875   1.000   0.365    0.35    76.68    5.26   -16.758   11.851   -41.41    21.09
1.875   1.000   0.365    0.65    58.10    8.31   -17.126   20.153   -23.82    29.21
1.875   1.000   0.365    0.90    36.29   12.80     5.346   30.618    38.52    46.48
1.925   1.000   0.300   -0.60    29.06    4.59    -2.517   11.653    -9.61    23.38
1.925   1.000   0.300   -0.25    55.56    3.96    -0.339    9.489   -10.71    20.60
1.925   1.000   0.300    0.05    70.30    4.21     4.214   10.027   -45.37    21.47
1.925   1.000   0.300    0.35    60.60    4.74   -11.003   11.540   -41.70    22.70
1.925   1.000   0.300    0.65    50.27    7.06    -6.350   19.488     4.44    33.02
1.925   1.000   0.300    0.90    48.95   14.05    34.776   38.707    25.52    59.69
1.975   1.000   0.231   -0.60    17.11    3.48    -1.541   10.380   -27.65    23.85
1.975   1.000   0.231   -0.25    31.15    3.55    -7.495   10.097   -10.18    24.13
1.975   1.000   0.231    0.05    51.37    3.88    -1.626   10.946   -26.63    26.01
1.975   1.000   0.231    0.35    40.20    4.16   -13.124   11.752   -21.61    26.91
1.975   1.000   0.231    0.65    32.02    7.67   -31.466   24.225   -34.10    46.15
1.975   1.000   0.231    0.90    44.99   27.84    31.792   90.241    16.43   127.44
2.050   1.000   0.119   -0.25    20.98    5.01   -24.989   20.775   -49.05    63.89
2.050   1.000   0.119    0.05    28.89    5.18    35.143   21.722    95.74    62.32
2.050   1.000   0.119    0.35    24.53    4.70   -28.581   20.082    16.15    54.98
2.050   1.000   0.119    0.65    33.62    8.79    58.577   41.521   130.50   109.02
