1.695	1.8	0.8601	-0.775	8.016	2.97	-0.773	3.573	1.63	5.419	2.856	10.054	
1.695	1.8	0.8601	-0.525	8.937	3.013	-3.794	3.023	-1.83	5.706	10.379	9.967	
1.695	1.8	0.8601	-0.3	9.846	2.788	1.092	2.787	-5.333	4.952	1.303	8.923	
1.695	1.8	0.8601	-0.1	8.224	2.735	0.416	3.395	6.001	4.89	-2.908	6.869	
1.695	1.8	0.8601	0.1	11.948	3.714	0.499	4.072	-2.914	6.77	6.195	14.759	
1.695	1.8	0.8601	0.3	8.306	2.875	-0.686	2.917	-2.515	5.298	0.351	10.476	
1.695	1.8	0.8601	0.5	10.653	3.864	5.413	4.744	5.666	6.038	-1.115	9.144	
1.695	1.8	0.8601	0.675	2.8	4.116	0.445	4.462	-0.206	7.23	-1.41	15.889	
1.695	1.8	0.8601	0.825	0.225	3.834	0.01	4.54	0.007	7.006	-0.03	11.319	
1.695	1.8	0.8601	0.95	6.004	6.362	-2.013	7.504	-1.057	11.287	-0.56	17.879	
1.725	1.8	0.8493	-0.775	16.12	2.091	0.434	2.208	-4.228	3.764	-1.853	7.852	
1.725	1.8	0.8493	-0.525	21.473	2.201	2.013	2.313	-10.145	4.045	2.664	7.34	
1.725	1.8	0.8493	-0.3	20.363	2.201	0.061	2.311	-4.615	3.95	3.364	7.574	
1.725	1.8	0.8493	-0.1	17.74	2.245	-3.039	2.36	-2.137	4.122	4.116	7.444	
1.725	1.8	0.8493	0.1	19.328	2.404	2.369	2.589	-3.907	4.416	0.69	7.365	
1.725	1.8	0.8493	0.3	14.496	2.184	1.09	2.472	3.725	3.865	-1.097	6.109	
1.725	1.8	0.8493	0.5	16.199	2.137	0.686	2.053	-5.406	3.892	-2.027	7.836	
1.725	1.8	0.8493	0.675	23.427	2.645	1.015	2.766	-4.316	4.87	5.354	9.979	
1.725	1.8	0.8493	0.825	29.594	3.062	-1.906	3.573	5.642	5.679	-14.071	10.833	
1.725	1.8	0.8493	0.95	26.596	4.018	2.412	4.418	-3.735	7.396	-7.707	14.669	
1.775	1.8	0.838	-0.775	11.699	2.098	-0.511	2.125	-7.618	4.022	1.081	7.365	
1.775	1.8	0.838	-0.525	20.166	1.978	-0.296	2.213	-9.096	3.835	10.678	6.915	
1.775	1.8	0.838	-0.3	29.151	2.298	-2.119	2.547	-17.004	4.541	7.781	8.39	
1.775	1.8	0.838	-0.1	22.599	2.282	1.294	2.891	-2.749	4.666	13.324	7.267	
1.775	1.8	0.838	0.1	29.589	2.569	-2.335	3.008	-6.983	4.97	2.532	8.539	
1.775	1.8	0.838	0.3	26.785	2.762	-2.24	3.166	-0.645	5.036	-0.458	7.968	
1.775	1.8	0.838	0.5	29.365	2.856	-1.803	2.76	-2.682	5.117	-4.769	8.44	
1.775	1.8	0.838	0.675	41.589	3.07	-0.434	3.255	1.271	5.651	8.186	10.539	
1.775	1.8	0.838	0.825	41.308	2.762	1.467	3.13	1.54	5.182	0.58	10.019	
1.775	1.8	0.838	0.95	28.304	3.632	2.547	4.298	4.741	6.823	4.328	12.228	
1.825	1.8	0.825	-0.775	17.23	2.555	3.377	3.315	-2.538	4.733	9.1	7.984	
1.825	1.8	0.825	-0.525	19.812	2.127	3.666	2.927	-7.45	4.198	-1	6.239	
1.825	1.8	0.825	-0.3	37.003	2.865	7.777	4.077	-15.883	5.772	-7.46	7.75	
1.825	1.8	0.825	-0.1	45.611	2.451	-5.54	2.975	-13.692	4.894	-4.826	7.974	
1.825	1.8	0.825	0.1	50.326	2.5	0.276	2.965	-10.932	4.897	10.586	8.113	
1.825	1.8	0.825	0.3	50.443	2.801	-1.586	3.428	-8.727	5.557	8.941	8.874	
1.825	1.8	0.825	0.5	54.827	3.342	-6.628	3.763	-12.065	6.383	8.889	10.823	
1.825	1.8	0.825	0.675	46.043	3.397	-9.308	3.384	-3.921	6.358	-8.872	9.778	
1.825	1.8	0.825	0.825	41.922	2.656	-2.395	2.97	-1.916	5.054	6.218	9.753	
1.825	1.8	0.825	0.95	49.626	3.454	3.942	4.014	0.4	6.588	-0.262	12.64	
1.875	1.8	0.8128	-0.775	9.084	1.862	1.545	1.998	-4.997	3.484	2.409	6.39	
1.875	1.8	0.8128	-0.525	21.604	1.807	5.58	2.114	-8.396	3.331	1.439	5.614	
1.875	1.8	0.8128	-0.3	37.703	2.494	7.683	3.295	-13.527	4.88	1.931	7.495	
1.875	1.8	0.8128	-0.1	48.185	2.749	2.348	3.853	-19.607	5.689	-7.583	7.799	
1.875	1.8	0.8128	0.1	59.34	2.563	-6.746	3.206	-22.593	5.205	-2.097	8.432	
1.875	1.8	0.8128	0.3	56.455	2.498	-4.001	3.263	-5.812	5.265	-0.64	8.06	
1.875	1.8	0.8128	0.5	53.927	2.811	-6.553	3.49	-12.17	5.708	-3.353	8.998	
1.875	1.8	0.8128	0.675	41.248	3.373	-2.689	3.646	-2.157	6.206	-1.38	9.571	
1.875	1.8	0.8128	0.825	37.447	2.61	-4.596	2.949	0.841	5.026	-1.1	8.829	
1.875	1.8	0.8128	0.95	42.417	3.133	-2.014	3.66	-4.177	6.046	13.19	11.754	
1.925	1.8	0.7996	-0.775	10.176	1.617	3.079	1.92	-4.079	3.082	2.234	5.339	
1.925	1.8	0.7996	-0.525	20.921	1.53	6.025	1.595	-13.603	2.883	2.635	4.787	
1.925	1.8	0.7996	-0.3	26.143	1.679	-0.606	1.808	-15.367	3.294	-0.689	5.823	
1.925	1.8	0.7996	-0.1	43.889	2.301	3.817	3.006	-11.698	4.599	1.473	7.285	
1.925	1.8	0.7996	0.1	44.402	2.441	-2.914	3.593	-9.428	5.261	8.014	6.602	
1.925	1.8	0.7996	0.3	41.583	2.058	-5.096	2.719	-7.001	4.322	-0.484	6.597	
1.925	1.8	0.7996	0.5	40.766	2.229	-2.747	2.956	-2.663	4.727	4.45	7.046	
1.925	1.8	0.7996	0.675	40.019	3.137	-3.822	3.691	-1.603	5.966	13.265	9.226	
1.925	1.8	0.7996	0.825	32.714	2.471	-5.118	2.668	-1.511	4.857	8.603	8.435	
1.925	1.8	0.7996	0.95	37.389	2.926	-2.615	3.468	-2.922	5.755	-1.939	10.812	
1.975	1.8	0.7836	-0.775	10.675	1.362	-1.24	1.724	1.124	2.697	4.099	4.441	
1.975	1.8	0.7836	-0.525	11.3	1.092	3.467	1.27	-4.071	2.045	1.554	3.537	
1.975	1.8	0.7836	-0.3	17.448	1.333	-1.609	1.483	-7.785	2.672	2.639	4.609	
1.975	1.8	0.7836	-0.1	26.854	1.662	3.365	2.129	-4.591	3.378	2.675	5.435	
1.975	1.8	0.7836	0.1	28.62	1.97	-0.964	2.813	-6.064	4.15	1.793	5.671	
1.975	1.8	0.7836	0.3	34.674	2.034	-6.145	2.85	-0.85	4.329	-1.077	5.733	
1.975	1.8	0.7836	0.5	40.492	2.039	-4.407	2.724	5.704	4.303	-2.579	6.252	
1.975	1.8	0.7836	0.675	37.591	2.894	-5.569	3.908	3.253	6.006	2.261	8.125	
1.975	1.8	0.7836	0.825	40.048	2.738	-7.451	3.034	0.686	5.426	1.328	8.903	
1.975	1.8	0.7836	0.95	56.416	3.117	-7.195	3.765	4.022	6.266	14.136	10.851	
2.025	1.8	0.7683	-0.775	5.891	1.049	-1.036	1.334	-0.18	2.14	0.862	3.583	
2.025	1.8	0.7683	-0.525	4.777	0.74	1.368	0.905	-0.781	1.403	1.487	2.29	
2.025	1.8	0.7683	-0.3	7.986	0.92	-0.113	1.031	-3.874	1.875	0.227	3.202	
2.025	1.8	0.7683	-0.1	12.308	1.141	0.71	1.359	-2.927	2.297	-0.143	3.773	
2.025	1.8	0.7683	0.1	18.887	1.462	-0.85	1.886	-3.275	2.943	-0.551	4.425	
2.025	1.8	0.7683	0.3	25.352	1.736	-5.978	2.542	0.918	3.798	-3.065	4.676	
2.025	1.8	0.7683	0.5	33.235	1.77	-4.6	2.444	1.53	3.854	-0.093	5.542	
2.025	1.8	0.7683	0.675	39.436	2.588	-6.625	3.439	-0.158	5.435	2.089	7.807	
2.025	1.8	0.7683	0.825	40.361	2.829	-4.05	3.514	13.194	5.511	3.777	7.055	
2.025	1.8	0.7683	0.95	67.573	3.16	-8.358	3.832	5.265	6.446	8.209	11.165	
2.075	1.8	0.7489	-0.775	4.295	0.823	0.503	1.107	1.312	1.653	1.326	2.389	
2.075	1.8	0.7489	-0.525	2.766	0.553	0.747	0.706	0.168	1.07	1.584	1.512	
2.075	1.8	0.7489	-0.3	4.155	0.739	0.186	0.896	-1.131	1.525	0.879	2.317	
2.075	1.8	0.7489	-0.1	9.414	0.954	-1.426	1.112	-3.096	2.001	-3.09	3.264	
2.075	1.8	0.7489	0.1	13.52	1.186	-2.135	1.55	-1.229	2.488	-3.318	3.664	
2.075	1.8	0.7489	0.3	20.685	1.592	-6.51	2.34	-1.963	3.567	-1.557	4.38	
2.075	1.8	0.7489	0.5	27.832	1.671	-7.879	2.339	-2.209	3.676	3.153	5.182	
2.075	1.8	0.7489	0.675	28.186	2.159	-6.376	3.022	6.334	4.694	1.699	5.904	
2.075	1.8	0.7489	0.825	36.791	2.891	-8.123	3.509	3.874	5.705	1.468	8.105	
2.075	1.8	0.7489	0.95	58.406	2.983	-8.038	3.647	4.464	6.228	-2.881	10.521	
2.125	1.8	0.7287	-0.775	4.425	0.818	0.429	1.086	0.371	1.723	-0.876	2.646	
2.125	1.8	0.7287	-0.525	1.727	0.469	0.242	0.597	-0.212	0.98	0.089	1.445	
2.125	1.8	0.7287	-0.3	3.406	0.716	-0.47	0.92	-0.202	1.547	0.609	2.324	
2.125	1.8	0.7287	-0.1	5.654	0.824	1.124	1.095	0.169	1.734	-0.058	2.34	
2.125	1.8	0.7287	0.1	10.875	1.034	-1.572	1.403	0.559	2.259	-0.971	3.086	
2.125	1.8	0.7287	0.3	13.781	1.32	-2.808	1.897	-1.444	2.951	0.432	3.822	
2.125	1.8	0.7287	0.5	16.8	1.624	-2.411	2.491	1.617	3.783	0.865	4.104	
2.125	1.8	0.7287	0.675	23.003	2.05	-3.402	2.866	1.039	4.541	5.921	5.848	
2.125	1.8	0.7287	0.825	24.94	2.977	-4.484	4.028	2.122	6.134	1.095	7.616	
2.125	1.8	0.7287	0.95	45.22	2.972	-3.723	3.719	0.998	6.411	9.374	10.383	
2.175	1.8	0.7042	-0.775	4.541	0.729	0.279	0.988	-0.486	1.616	1.486	2.413	
2.175	1.8	0.7042	-0.525	3.572	0.549	-0.232	0.732	-0.055	1.226	0.072	1.783	
2.175	1.8	0.7042	-0.3	3.434	0.673	-0.319	0.915	0.276	1.496	1.059	2.097	
2.175	1.8	0.7042	-0.1	4.808	0.768	-0.877	0.955	-1.397	1.714	-1.373	2.514	
2.175	1.8	0.7042	0.1	9.832	1.017	-2.249	1.356	-0.658	2.269	-2.298	3.238	
2.175	1.8	0.7042	0.3	10.841	1.21	-1.372	1.672	-1.76	2.678	1.667	3.714	
2.175	1.8	0.7042	0.5	15.196	1.764	-2.273	2.795	0.271	4.205	0.114	4.181	
2.175	1.8	0.7042	0.675	14.648	1.904	-0.529	2.79	-0.53	4.403	0.765	5.338	
2.175	1.8	0.7042	0.825	24.623	3.357	-4.392	4.683	0.395	7.056	-0.364	8.619	
2.175	1.8	0.7042	0.95	34.631	3.056	-3.635	4.012	3.585	6.823	4.066	10.177	
2.225	1.8	0.6791	-0.775	4.687	0.684	-0.31	0.996	1.838	1.579	0.666	1.972	
2.225	1.8	0.6791	-0.525	4.31	0.531	0.635	0.759	1.527	1.19	0.339	1.659	
2.225	1.8	0.6791	-0.3	3.566	0.637	0.339	0.91	0.935	1.442	-0.193	1.897	
2.225	1.8	0.6791	-0.1	3.838	0.677	-0.982	0.951	0.613	1.565	-0.523	2.046	
2.225	1.8	0.6791	0.1	10.043	0.964	-1.17	1.377	3.226	2.22	-0.388	2.918	
2.225	1.8	0.6791	0.3	9.197	1.096	-1.334	1.592	1.025	2.553	-0.016	3.146	
2.225	1.8	0.6791	0.5	11.283	1.653	-1.24	2.641	-1.499	3.964	2.709	4.025	
2.225	1.8	0.6791	0.675	15.278	1.97	-2.743	3.04	-4.022	4.931	4.188	5.776	
2.225	1.8	0.6791	0.825	26.659	3.626	1.79	5.409	8.53	7.407	-1.894	7.838	
2.225	1.8	0.6791	0.95	36.924	3.256	-2.022	4.435	2.91	7.515	2.615	10.461	
2.275	1.8	0.6516	-0.775	3.763	0.556	0.122	0.789	-0.177	1.335	-0.669	1.793	
2.275	1.8	0.6516	-0.525	3.012	0.435	-0.558	0.606	0.009	1.06	1.433	1.447	
2.275	1.8	0.6516	-0.3	2.366	0.526	-0.496	0.768	0.501	1.286	-0.578	1.558	
2.275	1.8	0.6516	-0.1	2.92	0.632	-0.34	0.891	-0.376	1.531	0.52	2.001	
2.275	1.8	0.6516	0.1	5.164	0.778	-0.405	1.137	1.659	1.864	-0.482	2.314	
2.275	1.8	0.6516	0.3	8.003	1.01	-1.808	1.479	0.87	2.438	-0.43	3.021	
2.275	1.8	0.6516	0.5	9.508	1.407	-2.641	2.228	-2.69	3.472	1.861	3.742	
2.275	1.8	0.6516	0.675	17.389	1.996	-3.776	3.288	-4.149	5.299	6.494	5.626	
2.275	1.8	0.6516	0.825	28.658	3.069	-8.796	4.738	-1.726	7.64	3.365	8.081	
2.275	1.8	0.6516	0.95	56.386	3.79	-2.529	5.141	-1.268	8.938	1.269	12.437	
2.325	1.8	0.621	-0.775	2.615	0.504	-0.164	0.763	0.374	1.275	0.226	1.523	
2.325	1.8	0.621	-0.525	2.187	0.412	0.482	0.624	0.831	0.997	-1.113	1.162	
2.325	1.8	0.621	-0.3	2.477	0.489	-0.479	0.732	0.588	1.242	-1.171	1.459	
2.325	1.8	0.621	-0.1	2.93	0.561	-0.633	0.814	-0.197	1.427	0.379	1.754	
2.325	1.8	0.621	0.1	3.351	0.63	-0.752	0.962	1.004	1.613	-0.521	1.793	
2.325	1.8	0.621	0.3	6.6	0.903	-1.515	1.344	-0.052	2.285	-0.482	2.747	
2.325	1.8	0.621	0.5	10.258	1.298	-2.949	1.946	-6.501	3.273	2.293	3.89	
2.325	1.8	0.621	0.675	17.844	2.229	-2.119	3.798	-5.963	5.992	2.646	5.984	
2.325	1.8	0.621	0.825	34.089	2.988	-12.766	4.24	-18.203	7.626	5.358	8.952	
2.325	1.8	0.621	0.95	52.88	3.975	-8.84	5.225	-10.067	9.867	2.471	13.386	
2.375	1.8	0.5907	-0.775	1.679	0.39	0.123	0.622	0.063	1.074	-0.248	1.185	
2.375	1.8	0.5907	-0.525	2.056	0.414	0.363	0.637	0.235	1.08	0.844	1.334	
2.375	1.8	0.5907	-0.3	1.394	0.396	-0.514	0.577	-0.525	1.082	-1.243	1.298	
2.375	1.8	0.5907	-0.1	1.558	0.474	-0.371	0.722	0.047	1.263	-0.476	1.533	
2.375	1.8	0.5907	0.1	2.038	0.559	-0.614	0.863	0.49	1.487	0.166	1.708	
2.375	1.8	0.5907	0.3	4.813	0.791	-1.027	1.207	-0.477	2.104	1.225	2.488	
2.375	1.8	0.5907	0.5	8.055	1.153	-3.065	1.724	-5.138	3.054	3.948	3.621	
2.375	1.8	0.5907	0.675	23.389	2.705	-0.171	5.18	-1.629	7.869	-2.418	6.211	
2.375	1.8	0.5907	0.825	30.035	2.962	-9.065	4.532	-14.249	7.803	0.761	8.487	
2.375	1.8	0.5907	0.95	49.61	4.117	-10.323	5.618	-8.493	10.756	1.093	13.584	
2.425	1.8	0.5588	-0.775	2.449	0.407	0.483	0.558	-2.679	1.141	-0.161	1.391	
2.425	1.8	0.5588	-0.525	2.245	0.347	0.125	0.563	0.741	0.966	-0.292	1.142	
2.425	1.8	0.5588	-0.3	1.784	0.38	-0.619	0.626	0.577	1.093	-0.937	1.097	
2.425	1.8	0.5588	-0.1	1.493	0.411	-0.681	0.659	0.208	1.158	-0.08	1.312	
2.425	1.8	0.5588	0.1	1.689	0.498	-0.655	0.789	0.008	1.394	0.034	1.554	
2.425	1.8	0.5588	0.3	5.361	0.788	-1.213	1.27	-0.045	2.218	2.214	2.48	
2.425	1.8	0.5588	0.5	7.019	1.01	-3.673	1.546	-3.779	2.842	-1.026	3.204	
2.425	1.8	0.5588	0.675	21.975	2.383	-4.276	4.467	-3.746	6.989	-0.023	5.536	
2.425	1.8	0.5588	0.825	28.016	3.006	-5.707	4.906	-11.93	8.27	1.042	8.493	
2.425	1.8	0.5588	0.95	44.895	4.358	-13.196	6.24	-7.545	12.143	0.407	14.405	
2.475	1.8	0.5289	-0.775	2.354	0.385	-0.039	0.565	-2.349	1.152	-0.217	1.465	
2.475	1.8	0.5289	-0.525	1.298	0.257	0.088	0.414	-0.273	0.764	0.537	0.78	
2.475	1.8	0.5289	-0.3	0.946	0.292	-0.446	0.497	0.132	0.9	0.63	0.963	
2.475	1.8	0.5289	-0.1	0.518	0.312	-0.264	0.513	-0.064	0.949	0.021	1.013	
2.475	1.8	0.5289	0.1	1.947	0.428	-0.818	0.734	0.145	1.32	0.623	1.374	
2.475	1.8	0.5289	0.3	1.931	0.587	-0.161	0.985	0.132	1.734	0.609	1.75	
2.475	1.8	0.5289	0.5	8.971	1.077	-0.701	1.755	-4.259	3.112	-1.15	3.329	
2.475	1.8	0.5289	0.675	18.552	2.251	-2.81	4.213	-9.589	6.643	2.403	5.788	
2.475	1.8	0.5289	0.825	26.883	2.679	-9.582	4.604	-15.001	8.027	1.122	7.971	
2.475	1.8	0.5289	0.95	48.954	4.582	-14.72	6.217	-20.773	13.299	2.687	14.878	
2.525	1.8	0.4983	-0.775	1.773	0.312	0.338	0.521	-0.992	0.986	-0.711	0.968	
2.525	1.8	0.4983	-0.525	1.849	0.287	0.133	0.501	0.282	0.903	0.841	0.964	
2.525	1.8	0.4983	-0.3	0.208	0.201	0.009	0.361	0.05	0.632	0.073	0.513	
2.525	1.8	0.4983	-0.1	0.947	0.304	-0.775	0.529	0.186	0.925	-0.232	0.855	
2.525	1.8	0.4983	0.1	0.077	0.229	-0.023	0.394	-0.003	0.725	-0.025	0.767	
2.525	1.8	0.4983	0.3	2.415	0.566	-1.42	0.985	0.078	1.766	0.115	1.765	
2.525	1.8	0.4983	0.5	4.437	0.773	-3.079	1.205	-2.677	2.457	1.756	2.424	
2.525	1.8	0.4983	0.675	11.781	1.723	-5.065	3.137	-11.518	5.409	6.111	5.1	
2.525	1.8	0.4983	0.825	33.001	3.549	-0.658	7.257	-5.724	11.051	2.022	8.061	
2.525	1.8	0.4983	0.95	53.557	4.523	-24.269	6.63	-8.121	14.001	-4.395	15.207	
2.575	1.8	0.4658	-0.775	0.757	0.24	0.546	0.396	-0.496	0.751	0.011	0.763	
2.575	1.8	0.4658	-0.525	0.602	0.2	0.284	0.38	0.81	0.64	-0.135	0.429	
2.575	1.8	0.4658	-0.3	1.149	0.267	-0.364	0.5	0.557	0.902	-0.356	0.752	
2.575	1.8	0.4658	-0.1	0.154	0.194	-0.114	0.394	0.243	0.7	-0.091	0.37	
2.575	1.8	0.4658	0.1	0.228	0.275	-0.15	0.52	0.233	0.898	0.077	0.596	
2.575	1.8	0.4658	0.3	0.812	0.428	-0.292	0.783	0.145	1.442	0.038	1.281	
2.575	1.8	0.4658	0.5	4.196	0.795	-0.972	1.402	-1.377	2.653	-0.632	2.485	
2.575	1.8	0.4658	0.675	11.305	1.948	-2.288	3.84	-6.619	6.113	0.755	4.762	
2.575	1.8	0.4658	0.825	27.93	4.352	-0.958	10.734	-4.801	16.374	0.78	7.342	
2.575	1.8	0.4658	0.95	42.871	4.753	-16.78	7.153	-20.029	15.759	8.53	16.491	
1.695	2.6	0.7963	-0.775	3.427	1.936	0.222	2.356	-2.683	3.941	-4.211	6.168	
1.695	2.6	0.7963	-0.525	3.936	1.661	0.441	2.023	0.596	3.176	10.168	5.45	
1.695	2.6	0.7963	-0.3	6.8	1.945	-1.775	2.378	0.843	3.841	-10.851	7.554	
1.695	2.6	0.7963	-0.1	9.835	3.294	1.319	4.019	-1.415	6.045	2.42	13.174	
1.695	2.6	0.7963	0.1	7.99	2.487	1.854	3.199	3.179	4.79	-3.883	9.141	
1.695	2.6	0.7963	0.3	5.286	2.016	1.666	2.41	-0.774	4.127	1.199	7.111	
1.695	2.6	0.7963	0.5	4.327	2.137	0.782	2.752	1.378	4.09	0.228	6.551	
1.695	2.6	0.7963	0.675	1.943	2.884	0.687	3.809	1.644	5.287	0.257	6.924	
1.695	2.6	0.7963	0.825	0.194	3.406	0.033	4.354	0.017	6.811	0.523	11.998	
1.695	2.6	0.7963	0.95	3.032	3.801	-0.514	4.989	1.487	7.471	-4.162	10.324	
1.725	2.6	0.7804	-0.775	4.375	0.852	-1.172	1.068	2.31	1.701	1.859	2.502	
1.725	2.6	0.7804	-0.525	13.312	1.444	3.284	1.653	-3.16	2.722	-12.227	4.942	
1.725	2.6	0.7804	-0.3	16.187	1.696	3.243	2.104	2.189	3.248	-0.277	5.629	
1.725	2.6	0.7804	-0.1	9.976	1.435	2.226	1.747	1.863	2.743	-1.838	4.668	
1.725	2.6	0.7804	0.1	9.986	1.393	0.732	1.589	-0.916	2.803	-0.965	4.439	
1.725	2.6	0.7804	0.3	9.677	1.492	-0.483	1.652	-0.491	2.972	3.153	6.076	
1.725	2.6	0.7804	0.5	11.621	1.589	1.322	1.746	-1.516	3.151	-1.798	6.681	
1.725	2.6	0.7804	0.675	12.589	1.709	-1.116	2.042	1.026	3.486	3.927	6.83	
1.725	2.6	0.7804	0.825	16.07	1.953	0.857	2.175	-3.867	3.914	7.275	8.609	
1.725	2.6	0.7804	0.95	14.458	2.571	4.505	3.295	4.745	5.13	-9.147	9.243	
1.775	2.6	0.765	-0.775	5.573	1.34	1.055	1.679	-2.032	2.759	-0.414	4.338	
1.775	2.6	0.765	-0.525	11.706	1.349	1.785	1.586	-6.249	2.741	3.564	4.642	
1.775	2.6	0.765	-0.3	15.284	1.493	0.153	1.832	-6.047	3.15	-6.321	5.241	
1.775	2.6	0.765	-0.1	13.125	1.558	-2.029	1.906	-1.747	3.225	4.519	5.53	
1.775	2.6	0.765	0.1	16.004	1.744	-0.165	2.307	0.918	3.678	-2.814	5.472	
1.775	2.6	0.765	0.3	17.264	1.914	-2.987	2.005	-5.989	3.873	6.879	7.053	
1.775	2.6	0.765	0.5	17.318	1.791	-0.091	1.996	-2.018	3.57	-1.851	6.541	
1.775	2.6	0.765	0.675	22.031	1.946	2.267	2.253	-1.852	3.969	-2.027	7.367	
1.775	2.6	0.765	0.825	25.277	2.015	0.126	2.251	-5.172	4.128	2.841	8.178	
1.775	2.6	0.765	0.95	16.806	2.482	4.03	3.081	1.298	5.025	1.554	9.107	
1.825	2.6	0.7481	-0.775	6.919	1.278	-0.319	1.732	-3.175	2.817	3.315	4.463	
1.825	2.6	0.7481	-0.525	10.885	1.272	1.296	1.741	-3.678	2.713	1.476	4.11	
1.825	2.6	0.7481	-0.3	20.48	1.576	-0.307	2.136	-5.731	3.441	-6.934	5.568	
1.825	2.6	0.7481	-0.1	24.966	1.622	-1.218	2.123	-6.18	3.554	3.594	5.643	
1.825	2.6	0.7481	0.1	27.651	1.748	0.952	2.375	-1.757	3.875	-1.826	5.997	
1.825	2.6	0.7481	0.3	27.115	2.018	-2.032	2.682	-5.995	4.361	1.952	6.717	
1.825	2.6	0.7481	0.5	25.602	2.006	-0.839	2.353	-7.273	4.114	-3.997	6.503	
1.825	2.6	0.7481	0.675	31.655	2.396	-0.282	2.744	-0.287	4.898	6.762	8.52	
1.825	2.6	0.7481	0.825	24.327	1.873	-0.201	2.227	-0.784	3.904	-5.546	6.956	
1.825	2.6	0.7481	0.95	28.905	2.471	-1.494	3.073	-0.801	5.187	0.535	9.478	
1.875	2.6	0.7306	-0.775	4.827	1.396	1.635	2.037	-0.849	2.844	0.78	3.915	
1.875	2.6	0.7306	-0.525	12.355	1.311	2.696	1.802	-6.915	2.89	0.855	4.45	
1.875	2.6	0.7306	-0.3	16.54	1.518	1.496	2.209	-8.593	3.364	3.322	4.708	
1.875	2.6	0.7306	-0.1	25.942	1.722	0.274	2.439	-14.885	3.961	4.556	6.136	
1.875	2.6	0.7306	0.1	28.09	1.531	-4.785	1.947	-11.118	3.382	2.285	5.521	
1.875	2.6	0.7306	0.3	26.262	1.631	-5.434	2.135	-4.967	3.592	2.321	5.553	
1.875	2.6	0.7306	0.5	30.47	2.095	-2.219	2.797	-3.726	4.506	1.425	6.826	
1.875	2.6	0.7306	0.675	20.882	1.973	-1.886	2.294	-3.302	4.204	-2.243	6.196	
1.875	2.6	0.7306	0.825	23.918	1.94	-3.851	2.201	-3.56	4.181	2.933	7.331	
1.875	2.6	0.7306	0.95	24.2	2.298	-2.471	2.793	-3.815	4.941	1.968	9.012	
1.925	2.6	0.714	-0.775	6.321	1.166	2.771	1.513	-2.04	2.355	0.606	3.921	
1.925	2.6	0.714	-0.525	10.822	0.989	2.147	1.261	-4.125	2.118	-0.083	3.478	
1.925	2.6	0.714	-0.3	16.397	1.329	2.028	1.831	-5.556	2.933	10.28	4.406	
1.925	2.6	0.714	-0.1	18.818	1.431	-1.86	2.085	-8.065	3.215	1.667	4.452	
1.925	2.6	0.714	0.1	26.136	1.617	-0.095	2.374	-2.91	3.649	-0.733	4.93	
1.925	2.6	0.714	0.3	26.21	1.548	-0.618	2.158	-2.724	3.579	1.815	5.419	
1.925	2.6	0.714	0.5	23.916	1.743	-1.604	2.394	-2.859	3.879	1.133	5.773	
1.925	2.6	0.714	0.675	26.9	2.353	-0.707	3.138	4.287	4.917	-4.582	7.115	
1.925	2.6	0.714	0.825	20.513	1.788	-2.921	2.209	3.743	3.913	3.066	6.097	
1.925	2.6	0.714	0.95	23.26	2.295	-2.241	2.858	0.609	5.047	-1.742	8.958	
1.975	2.6	0.6971	-0.775	5.798	0.883	-0.429	1.11	-1.258	1.966	-0.023	3.105	
1.975	2.6	0.6971	-0.525	6.295	0.725	1.187	0.892	-4.182	1.653	-2.54	2.626	
1.975	2.6	0.6971	-0.3	10.015	0.962	0.601	1.276	-2.217	2.142	-0.121	3.298	
1.975	2.6	0.6971	-0.1	15.46	1.261	0.352	1.833	-1.148	2.794	-2.065	3.728	
1.975	2.6	0.6971	0.1	17.604	1.506	0.005	2.367	2.75	3.482	-1.249	3.925	
1.975	2.6	0.6971	0.3	19.888	1.368	-0.937	2.072	4.861	3.221	-2.36	4.011	
1.975	2.6	0.6971	0.5	21.428	1.505	-0.278	2.164	0.735	3.42	-1.388	4.755	
1.975	2.6	0.6971	0.675	25.271	2.288	-3.215	3.264	3.202	4.988	0.232	6.789	
1.975	2.6	0.6971	0.825	25.457	1.979	-3.588	2.397	-0.3	4.408	-0.108	6.875	
1.975	2.6	0.6971	0.95	35.175	2.426	-4.498	3.148	5.112	5.429	5.789	8.885	
2.025	2.6	0.6805	-0.775	3.347	0.734	0.909	1.017	0.528	1.577	-0.776	2.276	
2.025	2.6	0.6805	-0.525	2.356	0.468	0.443	0.593	-0.989	1.039	-0.362	1.543	
2.025	2.6	0.6805	-0.3	5.903	0.776	-0.219	1.017	-1.75	1.798	5.021	2.726	
2.025	2.6	0.6805	-0.1	7.397	0.877	-0.424	1.212	-1.206	1.993	-2.201	3.047	
2.025	2.6	0.6805	0.1	10.145	0.995	-3.758	1.467	-0.485	2.34	-1.744	3.096	
2.025	2.6	0.6805	0.3	19.395	1.457	0.496	2.357	2.626	3.585	-1.152	4.183	
2.025	2.6	0.6805	0.5	18.402	1.304	-1.21	1.947	1.502	3.122	0.769	4.072	
2.025	2.6	0.6805	0.675	21.623	1.912	-6.827	2.784	0.315	4.437	1.859	5.593	
2.025	2.6	0.6805	0.825	25.863	2.08	-3.66	2.792	5.344	4.719	6.434	6.371	
2.025	2.6	0.6805	0.95	36.942	2.317	-2.181	3.032	0.223	5.337	-7.241	9.069	
2.075	2.6	0.6613	-0.775	3.351	0.674	0.216	0.967	0.904	1.53	0.594	2.337	
2.075	2.6	0.6613	-0.525	2.002	0.431	0.048	0.55	-0.88	1.01	0.556	1.605	
2.075	2.6	0.6613	-0.3	3.012	0.606	0.781	0.868	-0.046	1.421	0.716	2.033	
2.075	2.6	0.6613	-0.1	5.722	0.736	-0.156	1.081	1.107	1.726	-1.9	2.246	
2.075	2.6	0.6613	0.1	7.288	0.828	-1.648	1.228	1.056	1.963	-1.073	2.48	
2.075	2.6	0.6613	0.3	12.516	1.272	-0.192	2.095	2.687	3.118	0.171	3.15	
2.075	2.6	0.6613	0.5	16.459	1.269	-1.197	1.97	2.335	3.114	4.322	3.801	
2.075	2.6	0.6613	0.675	18.735	1.997	-0.514	3.215	0.671	4.863	-0.105	5.428	
2.075	2.6	0.6613	0.825	23.065	2.101	-3.579	2.975	3.75	4.88	3.34	6.164	
2.075	2.6	0.6613	0.95	35.122	2.318	-1.246	3.1	-2.589	5.506	11.83	9.186	
2.125	2.6	0.6387	-0.775	2	0.48	-0.342	0.714	0.154	1.199	0.412	1.572	
2.125	2.6	0.6387	-0.525	1.179	0.372	0.127	0.538	0.085	0.882	-0.476	1.17	
2.125	2.6	0.6387	-0.3	2.063	0.504	-0.285	0.706	-0.142	1.237	-0.944	1.82	
2.125	2.6	0.6387	-0.1	4.062	0.672	-0.36	0.972	-0.367	1.646	0	2.348	
2.125	2.6	0.6387	0.1	7.556	0.829	-1.404	1.21	-1.035	2.05	-0.919	2.838	
2.125	2.6	0.6387	0.3	7.942	1.04	-1.711	1.733	-0.652	2.698	2.834	2.817	
2.125	2.6	0.6387	0.5	9.756	1.133	-1.253	1.857	0.69	2.939	-0.347	3.388	
2.125	2.6	0.6387	0.675	14.648	1.772	-1.603	2.851	-0.235	4.512	4.767	5.28	
2.125	2.6	0.6387	0.825	15.272	2.211	-0.331	3.249	-0.076	5.088	-0.793	6.173	
2.125	2.6	0.6387	0.95	27.031	2.287	-2.917	3.211	0.721	5.624	10.231	8.702	
2.175	2.6	0.6113	-0.775	2.334	0.485	0.485	0.744	0.525	1.197	0.134	1.542	
2.175	2.6	0.6113	-0.525	2.326	0.433	0.596	0.607	-0.961	1.064	1.577	1.565	
2.175	2.6	0.6113	-0.3	2.321	0.511	-0.491	0.746	0.117	1.314	-0.08	1.669	
2.175	2.6	0.6113	-0.1	3.153	0.611	0.091	0.931	0.355	1.547	0.24	1.932	
2.175	2.6	0.6113	0.1	5.267	0.721	-0.031	1.106	1.717	1.795	-0.641	2.176	
2.175	2.6	0.6113	0.3	6.292	1.035	0.693	1.755	0.422	2.645	0.407	2.704	
2.175	2.6	0.6113	0.5	8.988	1.162	-3.12	1.908	-1.328	3.084	4.302	3.445	
2.175	2.6	0.6113	0.675	9.095	1.527	-1.29	2.397	0.598	3.894	3.164	4.38	
2.175	2.6	0.6113	0.825	15.66	2.802	-3.07	4.56	-1.789	6.841	-0.208	7.497	
2.175	2.6	0.6113	0.95	22.864	2.573	0.807	3.795	4.241	6.491	0.807	8.937	
2.225	2.6	0.5833	-0.775	2.173	0.43	0.05	0.668	0.284	1.147	0.614	1.437	
2.225	2.6	0.5833	-0.525	1.502	0.306	0.376	0.454	-0.448	0.78	-0.114	0.885	
2.225	2.6	0.5833	-0.3	2.163	0.454	-0.991	0.643	-1.082	1.245	1.504	1.681	
2.225	2.6	0.5833	-0.1	2.203	0.488	-0.207	0.784	1.059	1.306	-0.53	1.443	
2.225	2.6	0.5833	0.1	4.538	0.606	0.818	0.973	2.345	1.582	-0.602	1.66	
2.225	2.6	0.5833	0.3	5.244	0.83	-1.056	1.386	0.229	2.277	0.796	2.471	
2.225	2.6	0.5833	0.5	5.921	1.18	-1.031	2.14	-0.111	3.354	1.491	2.964	
2.225	2.6	0.5833	0.675	8.139	1.41	-2.41	2.33	-2.956	4.025	0.507	4.686	
2.225	2.6	0.5833	0.825	13.118	2.29	-5.472	3.692	0.091	5.979	3.347	6.021	
2.225	2.6	0.5833	0.95	21.002	2.588	0.074	3.686	-3.446	6.792	2.979	9.294	
2.275	2.6	0.5516	-0.775	1.965	0.382	0.389	0.578	-0.298	1.041	-0.144	1.256	
2.275	2.6	0.5516	-0.525	2.045	0.379	0.482	0.602	-0.49	1.035	-0.118	1.279	
2.275	2.6	0.5516	-0.3	1.293	0.338	-0.806	0.544	0.397	0.961	-0.064	1.032	
2.275	2.6	0.5516	-0.1	1.784	0.479	-0.461	0.765	0.266	1.363	-0.112	1.534	
2.275	2.6	0.5516	0.1	2.396	0.516	0.028	0.825	-0.042	1.456	-0.483	1.593	
2.275	2.6	0.5516	0.3	3.714	0.681	-1.155	1.134	0.207	1.94	0.741	2.12	
2.275	2.6	0.5516	0.5	6.022	1.321	0.109	2.55	1.152	3.913	1.655	2.906	
2.275	2.6	0.5516	0.675	10.532	1.59	-1.766	2.772	1.951	4.572	0.466	4.262	
2.275	2.6	0.5516	0.825	19.749	3.191	1.867	5.681	4.231	8.076	1.108	6.868	
2.275	2.6	0.5516	0.95	32.879	3.11	-2.188	4.458	-6.202	8.669	0.426	10.995	
2.325	2.6	0.5195	-0.775	1.168	0.309	-0.27	0.468	-0.649	0.932	-0.082	1.13	
2.325	2.6	0.5195	-0.525	0.948	0.273	0.478	0.462	0.154	0.716	-0.123	0.718	
2.325	2.6	0.5195	-0.3	1.583	0.372	-0.851	0.641	0.737	1.131	0.278	1.154	
2.325	2.6	0.5195	-0.1	2.284	0.497	-0.189	0.855	0.937	1.488	-0.517	1.582	
2.325	2.6	0.5195	0.1	2.061	0.499	-0.011	0.865	1.072	1.497	-0.856	1.523	
2.325	2.6	0.5195	0.3	3.975	0.687	-1.525	1.145	-0.826	2.081	-1.405	2.412	
2.325	2.6	0.5195	0.5	4.76	0.832	-2.89	1.418	-3.519	2.569	1.737	2.654	
2.325	2.6	0.5195	0.675	7.07	1.352	-2.982	2.533	-4.853	4.434	-0.162	4.062	
2.325	2.6	0.5195	0.825	17.842	2.295	-8.498	3.686	-9.288	6.694	5.204	7.044	
2.325	2.6	0.5195	0.95	28.502	3.231	-1.047	4.925	-3.881	9.527	-6.69	10.71	
2.375	2.6	0.4817	-0.775	0.759	0.265	0.777	0.501	0.568	0.695	-0.073	0.462	
2.375	2.6	0.4817	-0.525	0.93	0.28	0.311	0.484	-0.152	0.867	0.088	0.97	
2.375	2.6	0.4817	-0.3	1.355	0.401	-0.707	0.731	0.607	1.3	-1.354	1.169	
2.375	2.6	0.4817	-0.1	0.935	0.365	-0.365	0.647	0.199	1.189	-0.135	1.08	
2.375	2.6	0.4817	0.1	1.016	0.408	-0.247	0.705	-0.029	1.328	0.354	1.369	
2.375	2.6	0.4817	0.3	3.022	0.628	-1.378	1.072	-1.146	2.079	0.651	2.096	
2.375	2.6	0.4817	0.5	5.244	1.133	-2.254	2.191	-0.991	3.718	-0.928	3.092	
2.375	2.6	0.4817	0.675	13.243	2.54	-0.522	5.614	6.341	9.16	1.38	4.598	
2.375	2.6	0.4817	0.825	19.215	2.894	-4.455	5.476	-12.603	9.135	3.209	8.144	
2.375	2.6	0.4817	0.95	26.84	3.455	-4.775	5.394	-7.506	11.128	1.458	11.255	
2.425	2.6	0.435054	-0.775	1.50585	3.56042	1.76591	5.56748	-0.583843	9.65128
2.425	2.6	0.435054	-0.525	1.299	3.31546	-0.638147	5.29965	-0.399682	8.91451
2.425	2.6	0.435054	-0.3	1.55404	3.82864	-0.701317	6.11229	0.969171	10.7759
2.425	2.6	0.435054	-0.1	0.275521	4.42436	-0.276578	7.04184	0.243454	12.4283
2.425	2.6	0.435054	0.1	1.10068	5.02863	-0.376978	8.0855	0.265844	14.156
2.425	2.6	0.435054	0.3	3.79293	7.24662	-1.61816	11.5878	-0.787939	20.3955
2.425	2.6	0.435054	0.5	4.54718	10.5931	-4.22188	17.2336	1.78728	29.8126
2.425	2.6	0.435054	0.675	13.5973	18.8472	-5.1241	34.136	5.01574	55.6464
2.425	2.6	0.435054	0.825	14.2483	27.2747	-1.75326	43.6732	-6.64525	73.8469
2.425	2.6	0.435054	0.95	23.135	34.9656	-4.66654	49.7754	-5.69342	94.8896
2.475	2.6	0.396627	-0.775	1.17345	3.67496	1.59938	5.74882	3.47226	10.2196
2.475	2.6	0.396627	-0.525	-0.448511	3.18641	0.0476717	5.17744	-0.787195	8.86473
2.475	2.6	0.396627	-0.3	0.964884	3.7638	-0.285925	6.16627	0.671676	11.0159
2.475	2.6	0.396627	-0.1	-1.8862	4.13281	-0.332429	6.70661	-1.61413	12.0344
2.475	2.6	0.396627	0.1	1.2598	4.95664	-0.872031	8.16484	-1.11655	14.4494
2.475	2.6	0.396627	0.3	-1.48434	7.17046	-0.266108	11.6433	-1.70425	20.7182
2.475	2.6	0.396627	0.5	12.2276	10.7869	3.36366	17.2018	1.38809	30.8251
2.475	2.6	0.396627	0.675	12.2857	21.4196	3.78208	40.0789	12.2075	64.9722
2.475	2.6	0.396627	0.825	22.9639	28.1924	-7.08452	45.5101	-22.2227	79.5047
2.475	2.6	0.396627	0.95	33.4026	39.8631	-12.5313	56.6794	-33.9249	111.767
2.525	2.6	0.356167	-0.775	0.503399	3.73271	0.845802	6.01571	6.97859	10.6708
2.525	2.6	0.356167	-0.525	0.0698962	3.32943	0.109764	5.51523	0.308575	9.83085
2.525	2.6	0.356167	-0.3	0.13819	3.20509	0.306223	5.48019	-5.11796e-05	9.77074
2.525	2.6	0.356167	-0.1	-2.20889	3.89528	-0.615039	6.4947	0.222473	11.6131
2.525	2.6	0.356167	0.1	-0.25528	3.90973	-0.252629	6.59213	-0.38582	11.9749
2.525	2.6	0.356167	0.3	-1.22413	7.10118	-1.44106	11.8289	-0.659037	21.1893
2.525	2.6	0.356167	0.5	9.91389	10.741	1.88314	17.1037	1.20532	31.9165
2.525	2.6	0.356167	0.675	7.35459	24.0892	-4.03724	45.6351	-3.3589	74.1412
2.525	2.6	0.356167	0.825	28.0256	32.7679	-0.32037	56.5101	-7.8034	95.097
2.525	2.6	0.356167	0.95	40.5148	45.7775	-19.6192	65.7213	-12.245	133.161
2.575	2.6	0.313692	-0.775	-0.706311	3.88157	1.07735	6.09843	4.6968	11.8445
2.575	2.6	0.313692	-0.525	-1.765	3.18032	-0.0297498	5.56008	1.69899	9.73979
2.575	2.6	0.313692	-0.3	1.05641	3.29741	0.247363	5.84769	3.17982	10.3796
2.575	2.6	0.313692	-0.1	-2.06698	3.38206	-0.154082	6.17526	0.596239	11.011
2.575	2.6	0.313692	0.1	-0.178788	3.8605	-0.0419638	6.76951	-0.298881	12.1221
2.575	2.6	0.313692	0.3	-3.41892	6.84311	0.0977647	11.9268	-0.97621	21.4313
2.575	2.6	0.313692	0.5	13.4309	10.985	4.36104	17.85	3.29585	33.9638
2.575	2.6	0.313692	0.675	8.48866	25.1299	-1.29569	47.2725	8.01068	76.9076
2.575	2.6	0.313692	0.825	22.8577	40.5101	4.79128	73.921	-6.54208	122.657
2.575	2.6	0.313692	0.95	37.1529	56.2728	-20.1723	80.955	-21.9211	168.849
1.695	3.45	0.7114	-0.775	3.866	2.182	0.207	2.602	-0.124	4.81	0.8	3.543	
1.695	3.45	0.7114	-0.525	6.059	3.102	-0.592	2.99	-4.685	6.766	4.215	7.101	
1.695	3.45	0.7114	-0.3	7.014	2.622	2.934	3.299	-1.294	5.669	-0.773	4.97	
1.695	3.45	0.7114	-0.1	6.433	3.041	1.227	4.295	0.136	6.406	-2.766	5.727	
1.695	3.45	0.7114	0.1	4.029	2.529	2.735	3.667	1.168	5.003	0.128	3.536	
1.695	3.45	0.7114	0.3	4.27	2.15	-0.759	2.752	1.484	4.739	0.223	3.611	
1.695	3.45	0.7114	0.5	5.18	2.712	0.784	3.45	-2.096	5.99	-2.194	6.075	
1.695	3.45	0.7114	0.675	1.271	2.852	0.177	3.729	0.115	6.916	0.043	5.22	
1.695	3.45	0.7114	0.825	0.202	6.222	0.021	4.027	-0.133	14.116	-0.033	39.839	
1.695	3.45	0.7114	0.95	2.532	3.948	1.334	5.521	1.993	10.086	-1.519	8.582	
1.725	3.45	0.6922	-0.775	6.206	1.123	-2.219	1.34	-1.067	2.56	0.032	1.68	
1.725	3.45	0.6922	-0.525	9.89	1.347	4.154	1.796	1.47	2.692	0.373	1.322	
1.725	3.45	0.6922	-0.3	9.254	1.4	1.538	1.584	-4.763	3.036	-0.264	1.972	
1.725	3.45	0.6922	-0.1	7.303	1.392	-0.045	1.572	-4.207	3.124	0.724	1.923	
1.725	3.45	0.6922	0.1	6.684	1.269	0.341	1.732	2.637	2.815	-0.425	1.379	
1.725	3.45	0.6922	0.3	5.231	1.238	2.735	2.003	5.574	3.08	0.044	0.694	
1.725	3.45	0.6922	0.5	5.479	1.221	0.019	1.509	-0.367	2.733	-1.122	1.374	
1.725	3.45	0.6922	0.675	8.256	1.621	0.116	1.656	-6.203	3.65	1.302	2.049	
1.725	3.45	0.6922	0.825	10.332	1.786	2.6	2.239	-1.334	3.866	-4.099	2.446	
1.725	3.45	0.6922	0.95	10.169	2.543	2.788	2.847	-8.528	5.569	-2.632	3.088	
1.775	3.45	0.6741	-0.775	4.461	1.535	0.532	2.396	1.928	3.335	-0.217	1.194	
1.775	3.45	0.6741	-0.525	5.523	0.966	-1.867	1.219	-1.475	2.251	1.873	1.079	
1.775	3.45	0.6741	-0.3	9.408	1.387	-0.35	2.143	-0.543	3.505	0.765	1.205	
1.775	3.45	0.6741	-0.1	6.178	1.344	1.032	2.019	2.333	2.97	1.954	1.001	
1.775	3.45	0.6741	0.1	9.419	1.594	1.251	2.229	-0.765	3.472	-0.164	1.386	
1.775	3.45	0.6741	0.3	7.924	1.428	-2.299	1.497	-5.189	3.324	-0.369	1.476	
1.775	3.45	0.6741	0.5	11.771	1.664	0.613	2.071	0.276	3.679	-0.755	1.82	
1.775	3.45	0.6741	0.675	18.349	2.093	4.38	2.694	2	4.596	2.582	2.436	
1.775	3.45	0.6741	0.825	16.261	1.865	-0.778	2.398	1.262	4.304	0.229	2.164	
1.775	3.45	0.6741	0.95	13.762	2.706	1.375	3.52	-1.417	6.245	1.421	3.729	
1.825	3.45	0.6506	-0.775	4.503	1.093	-1.482	1.535	-2.256	2.697	1.419	1.33	
1.825	3.45	0.6506	-0.525	6.666	1.122	0.461	1.722	1.312	2.688	-0.398	1.034	
1.825	3.45	0.6506	-0.3	9.227	1.203	1.471	1.834	-2.703	3.04	-1.171	1.087	
1.825	3.45	0.6506	-0.1	14.685	1.415	-3.509	1.742	-10.133	3.442	-1.326	1.552	
1.825	3.45	0.6506	0.1	17.843	1.648	-2.7	2.184	-10.502	4.028	2.358	1.771	
1.825	3.45	0.6506	0.3	14.15	1.735	-1.926	2.548	-2.26	4.16	1.773	1.394	
1.825	3.45	0.6506	0.5	18.2	1.996	1.56	2.615	-6.821	4.55	2.131	1.964	
1.825	3.45	0.6506	0.675	15.083	1.757	-2.572	2.359	4.601	4.241	-1.723	1.442	
1.825	3.45	0.6506	0.825	18.474	1.902	-1.995	2.288	-3.588	4.588	1.509	2.561	
1.825	3.45	0.6506	0.95	18.552	2.394	-1.222	3.009	-2.966	5.795	0.882	2.842	
1.875	3.45	0.6308	-0.775	2.722	1.137	-0.364	1.983	-0.814	3.154	0.314	1.122	
1.875	3.45	0.6308	-0.525	6.282	1.005	-0.438	1.419	-6.064	2.504	0.366	1.036	
1.875	3.45	0.6308	-0.3	12.623	1.598	0.715	2.592	-5.076	4.006	0.637	1.461	
1.875	3.45	0.6308	-0.1	13.375	1.281	-3.857	1.785	-9.387	3.233	-1.433	1.274	
1.875	3.45	0.6308	0.1	16.576	1.398	-2.299	1.956	-7.166	3.5	-0.462	1.322	
1.875	3.45	0.6308	0.3	18.73	1.782	0.238	2.779	-3.643	4.574	-0.108	1.513	
1.875	3.45	0.6308	0.5	15.677	1.743	-5.633	2.499	-3.89	4.288	-0.729	1.431	
1.875	3.45	0.6308	0.675	14.991	1.985	-1.628	2.776	-1.136	4.944	-0.659	1.904	
1.875	3.45	0.6308	0.825	15.826	1.867	-0.427	2.338	-1.093	4.599	-0.333	2.159	
1.875	3.45	0.6308	0.95	15.064	2.174	-1.825	2.947	0.493	5.409	3.382	2.337	
1.925	3.45	0.6053	-0.775	4.726	1.183	2.062	1.806	0.122	2.746	0.334	1.2	
1.925	3.45	0.6053	-0.525	8.189	1.065	-0.319	1.613	-1.535	2.748	0.44	1.101	
1.925	3.45	0.6053	-0.3	10.834	1.32	-1.362	2.061	0.394	3.363	0.265	1.152	
1.925	3.45	0.6053	-0.1	14.225	1.698	-1.848	3.061	-0.39	4.728	0.402	1.278	
1.925	3.45	0.6053	0.1	15.801	1.525	-2.095	2.621	-1.757	4.252	2.544	1.308	
1.925	3.45	0.6053	0.3	17.15	1.598	1.902	2.475	-4.91	4.217	-0.074	1.598	
1.925	3.45	0.6053	0.5	14.143	1.77	-1.664	3.029	1.732	4.8	0.775	1.269	
1.925	3.45	0.6053	0.675	13.433	1.844	-9.206	2.28	-5.065	4.79	2.448	1.64	
1.925	3.45	0.6053	0.825	13.515	1.906	0.346	2.633	2.72	4.743	1.646	1.812	
1.925	3.45	0.6053	0.95	15.674	2.381	-2.631	3.296	-2.23	6.12	-0.74	2.619	
1.975	3.45	0.5833	-0.775	3.922	0.863	-1.316	1.191	-2.742	2.514	0.926	1.073	
1.975	3.45	0.5833	-0.525	4.634	0.752	-1.408	1.185	0.608	2.026	0.107	0.766	
1.975	3.45	0.5833	-0.3	6.971	0.965	-3.792	1.518	-0.371	2.621	0.505	0.839	
1.975	3.45	0.5833	-0.1	8.866	1.145	-0.681	1.939	-0.665	3.18	0.903	1.052	
1.975	3.45	0.5833	0.1	9.311	1.275	-2.128	2.229	-1.43	3.601	0.377	1.086	
1.975	3.45	0.5833	0.3	14.105	1.469	-1.205	2.465	1.307	4.05	-0.658	1.303	
1.975	3.45	0.5833	0.5	14.989	1.7	1.228	2.814	1.798	4.447	-1.121	1.418	
1.975	3.45	0.5833	0.675	14.712	2.142	-6.489	3.154	-6.976	5.71	0.201	2.091	
1.975	3.45	0.5833	0.825	18.958	2.331	-2.335	3.43	4.255	6.128	0.21	2.36	
1.975	3.45	0.5833	0.95	25.759	2.692	-0.205	3.967	-0.866	7.258	5.149	3.146	
2.025	3.45	0.5616	-0.775	1.436	0.505	-0.357	0.75	-0.376	1.413	0.011	0.558	
2.025	3.45	0.5616	-0.525	2.664	0.622	0.606	1.019	1.692	1.607	0.329	0.559	
2.025	3.45	0.5616	-0.3	4.067	0.725	-1.64	1.092	-1.186	2.021	0.12	0.856	
2.025	3.45	0.5616	-0.1	4.877	0.851	-0.122	1.391	1.42	2.287	0.063	0.797	
2.025	3.45	0.5616	0.1	6.133	0.975	-1.96	1.597	-4.237	2.783	-0.213	0.971	
2.025	3.45	0.5616	0.3	12.098	1.392	-1.255	2.418	2.333	3.903	-1.153	1.302	
2.025	3.45	0.5616	0.5	13.486	1.427	-4.189	2.438	-3.395	4.241	-0.17	1.451	
2.025	3.45	0.5616	0.675	14.386	1.975	-6.686	3.002	-8.001	5.462	0.777	1.996	
2.025	3.45	0.5616	0.825	16.235	2.167	-1.387	3.329	3.783	5.808	1.477	2.008	
2.025	3.45	0.5616	0.95	32.945	2.841	2.249	4.317	-1.904	7.913	3.842	3.424	
2.075	3.45	0.5394	-0.775	2.695	0.714	0.972	1.059	-1.304	1.934	0.314	1.121	
2.075	3.45	0.5394	-0.525	1.773	0.483	-0.217	0.779	-0.3	1.442	0.591	0.693	
2.075	3.45	0.5394	-0.3	2.029	0.599	0.03	0.999	0.334	1.701	0.314	0.64	
2.075	3.45	0.5394	-0.1	4.229	0.766	-0.954	1.319	3.544	2.215	-0.763	0.609	
2.075	3.45	0.5394	0.1	6.005	1.015	0.204	1.796	-2.212	2.969	-1.315	1.064	
2.075	3.45	0.5394	0.3	9.299	1.308	-1.958	2.424	1.271	3.931	-0.429	1.117	
2.075	3.45	0.5394	0.5	11.232	1.261	-3.629	2.086	-3.602	3.716	1.057	1.382	
2.075	3.45	0.5394	0.675	9.792	1.555	-6.018	2.366	-3.97	4.506	0.535	1.402	
2.075	3.45	0.5394	0.825	16.036	2.176	-7.393	3.068	-6.299	6.264	1.007	2.409	
2.075	3.45	0.5394	0.95	24.984	2.511	1.207	3.9	-1.562	7.206	-1.71	2.886	
2.125	3.45	0.5145	-0.775	1.509	0.503	0.369	0.88	0.602	1.447	-0.068	0.584	
2.125	3.45	0.5145	-0.525	0.71	0.326	0.001	0.542	-0.042	0.983	0.018	0.374	
2.125	3.45	0.5145	-0.3	1.623	0.552	-0.209	0.907	-0.338	1.697	0.284	0.739	
2.125	3.45	0.5145	-0.1	2.862	0.66	-0.702	1.073	-0.17	2.022	0.054	0.824	
2.125	3.45	0.5145	0.1	4.313	0.782	-1.017	1.358	0.55	2.333	-0.165	0.766	
2.125	3.45	0.5145	0.3	4.693	0.928	-3.203	1.728	-2.846	2.982	0.041	0.881	
2.125	3.45	0.5145	0.5	6.943	1.236	-0.872	2.399	-1.383	4.004	0.197	1.171	
2.125	3.45	0.5145	0.675	9.069	1.674	-4.126	2.764	-6.405	5.251	2.251	1.725	
2.125	3.45	0.5145	0.825	9.148	2.128	-2.583	3.501	-0.633	5.975	0.35	1.932	
2.125	3.45	0.5145	0.95	17.498	2.516	2.59	3.844	-5.038	7.436	3.24	2.617	
2.175	3.45	0.4841	-0.775	1.327	0.458	0.963	0.85	1.526	1.247	0.199	0.288	
2.175	3.45	0.4841	-0.525	1.246	0.359	-0.271	0.518	-1.447	1.167	-0.064	0.409	
2.175	3.45	0.4841	-0.3	1.524	0.496	-0.341	0.756	-1.158	1.61	0.322	0.693	
2.175	3.45	0.4841	-0.1	2.512	0.643	-0.162	1.057	-0.602	2.073	-0.654	0.856	
2.175	3.45	0.4841	0.1	3.57	0.707	-1.756	1.209	-1.097	2.297	-0.696	0.803	
2.175	3.45	0.4841	0.3	4.042	1.088	-0.884	2.27	-0.699	3.739	0.571	0.916	
2.175	3.45	0.4841	0.5	6.226	1.302	-1.023	2.664	0.905	4.458	-0.058	1.064	
2.175	3.45	0.4841	0.675	4.857	1.471	-2.93	2.714	-1.172	4.822	0.286	1.183	
2.175	3.45	0.4841	0.825	7.607	2.127	-4.185	3.385	-3.565	6.536	-0.354	2.01	
2.175	3.45	0.4841	0.95	11.022	2.408	-3.122	3.916	0.886	7.749	0.995	2.132	
2.225	3.45	0.429334	-0.775	1.53026	4.87309	1.0604	7.70032	3.26381	12.6338
2.225	3.45	0.429334	-0.525	1.2729	3.57803	-0.368499	5.24004	-2.1195	9.44246
2.225	3.45	0.429334	-0.3	1.8251	5.00665	-0.412207	7.4013	-2.21662	13.52
2.225	3.45	0.429334	-0.1	2.20404	6.02912	0.265871	9.44966	-1.14426	16.136
2.225	3.45	0.429334	0.1	1.99104	7.2094	-2.32067	11.4798	0.973273	19.1552
2.225	3.45	0.429334	0.3	4.20848	9.88932	-0.892756	17.283	0.346165	27.5582
2.225	3.45	0.429334	0.5	6.49782	11.6645	1.56344	20.115	4.29317	32.6245
2.225	3.45	0.429334	0.675	4.53723	15.3618	-0.890008	25.1145	-0.725878	42.8099
2.225	3.45	0.429334	0.825	8.25339	21.5984	-7.63733	32.9628	0.494223	55.8672
2.225	3.45	0.429334	0.95	8.64029	23.5893	-4.6548	34.4348	-6.03613	62.5017
2.275	3.45	0.394726	-0.775	0.2541	4.61722	1.54933	7.29293	2.09672	12.2373
2.275	3.45	0.394726	-0.525	1.88228	3.69781	-1.04206	5.55993	-2.95887	9.88698
2.275	3.45	0.394726	-0.3	-0.380577	4.64674	0.060041	7.02647	-0.865075	12.9067
2.275	3.45	0.394726	-0.1	2.60598	5.87379	-0.0163567	9.24519	-3.78769	16.1397
2.275	3.45	0.394726	0.1	1.99285	6.80599	-6.44509	10.8555	-11.342	18.5973
2.275	3.45	0.394726	0.3	2.87857	9.13768	0.770359	15.7489	2.03971	25.8576
2.275	3.45	0.394726	0.5	6.01285	12.5927	3.82385	22.6349	10.5438	36.1447
2.275	3.45	0.394726	0.675	8.20437	16.1542	0.0983353	27.0389	12.8547	45.748
2.275	3.45	0.394726	0.825	14.1175	24.9732	6.80179	39.9849	-0.13518	64.9249
2.275	3.45	0.394726	0.95	21.0562	26.5684	-22.662	39.0962	0.614627	71.8635
2.325	3.45	0.358299	-0.775	-0.479162	4.39488	0.359556	6.85871	0.382344	12.1543
2.325	3.45	0.358299	-0.525	0.188417	3.74086	-0.326396	5.77232	-0.536871	9.99582
2.325	3.45	0.358299	-0.3	-0.0932536	4.64211	0.94651	7.27566	2.93979	13.3585
2.325	3.45	0.358299	-0.1	6.55201	5.92548	1.62331	9.61134	-0.511594	16.7398
2.325	3.45	0.358299	0.1	2.74067	6.54124	-6.85629	10.7394	-2.62013	18.4576
2.325	3.45	0.358299	0.3	4.03651	9.06531	2.47387	15.4793	-1.75688	26.1876
2.325	3.45	0.358299	0.5	10.0379	12.2406	1.76443	21.7079	9.15385	36.379
2.325	3.45	0.358299	0.675	6.57027	16.3399	-4.15998	28.3396	-4.25754	48.2279
2.325	3.45	0.358299	0.825	19.4121	27.6632	0.538847	44.976	-9.46141	75.5049
2.325	3.45	0.358299	0.95	19.5067	30.9125	-6.104	46.1545	4.87239	85.9857
2.375	3.45	0.320052	-0.775	-0.62734	4.18675	3.43024	6.88662	0.594653	11.468
2.375	3.45	0.320052	-0.525	-0.167525	3.85024	-0.615299	6.26727	-1.57224	10.5666
2.375	3.45	0.320052	-0.3	-0.849596	4.93555	0.370526	8.09803	3.71451	14.6142
2.375	3.45	0.320052	-0.1	7.38423	5.6706	0.569858	9.56273	-2.28717	16.8734
2.375	3.45	0.320052	0.1	3.23265	6.27107	-5.96707	10.5189	-2.71259	18.5984
2.375	3.45	0.320052	0.3	3.99229	8.88809	0.691469	14.9393	-0.816808	26.706
2.375	3.45	0.320052	0.5	9.97714	13.6408	0.88614	24.6621	14.8496	41.6234
2.375	3.45	0.320052	0.675	10.9341	20.4085	-1.39127	36.6039	8.24252	62.4494
2.375	3.45	0.320052	0.825	21.2546	32.9937	-2.53402	55.5934	-30.4149	91.9409
2.375	3.45	0.320052	0.95	15.9013	38.8457	-13.9497	57.3577	-3.32519	110.339
2.425	3.45	0.280004	-0.775	-1.43649	4.6553	6.40302	7.72363	2.01826	12.8194
2.425	3.45	0.280004	-0.525	0.335494	4.54512	-0.892456	7.63623	-1.45694	12.774
2.425	3.45	0.280004	-0.3	-0.351616	5.57829	0.55553	9.48676	2.08806	16.7937
2.425	3.45	0.280004	-0.1	7.5072	6.53546	0.796954	11.1495	-2.37183	20.0138
2.425	3.45	0.280004	0.1	1.31389	7.04014	-6.74972	11.903	-5.58639	21.456
2.425	3.45	0.280004	0.3	2.94429	10.0343	1.11309	16.8756	-1.536	30.7342
2.425	3.45	0.280004	0.5	17.9603	15.7208	4.50695	28.4066	26.9421	48.8791
2.425	3.45	0.280004	0.675	25.8832	25.2131	8.86102	46.9317	24.5892	79.4977
2.425	3.45	0.280004	0.825	17.2259	40.9689	15.5113	70.4822	-29.1471	117.431
2.425	3.45	0.280004	0.95	12.4133	49.0214	-17.9133	73.5422	0.357711	144.924
2.475	3.45	0.23819	-0.775	-1.58023	5.39033	5.40668	9.17023	3.42391	14.9114
2.475	3.45	0.23819	-0.525	-0.0284612	5.23672	-0.978317	8.93712	-1.82447	14.8084
2.475	3.45	0.23819	-0.3	-0.896234	7.27504	0.979183	12.8186	2.77903	22.712
2.475	3.45	0.23819	-0.1	4.42094	7.84491	0.694076	13.7281	-3.2641	24.7088
2.475	3.45	0.23819	0.1	0.55681	8.44138	-7.05021	14.5827	-5.6993	26.4978
2.475	3.45	0.23819	0.3	1.57909	12.386	1.77637	20.9052	-1.98714	39.2263
2.475	3.45	0.23819	0.5	13.7286	18.031	3.94732	32.0418	21.1127	56.7563
2.475	3.45	0.23819	0.675	24.7688	32.0991	4.47852	62.0444	28.4338	106.992
2.475	3.45	0.23819	0.825	22.3417	48.1371	10.8996	81.9646	-28.032	144.238
2.475	3.45	0.23819	0.95	13.4792	62.8049	-19.6384	96.62	-8.35337	192.063
2.525	3.45	0.194667	-0.775	-1.12063	7.17955	5.55652	13.4498	5.37011	18.8832
2.525	3.45	0.194667	-0.525	-0.710279	7.52552	-1.13234	12.9662	-1.68191	23.1374
2.525	3.45	0.194667	-0.3	-1.39852	10.6055	1.21655	19.1723	2.68074	34.1021
2.525	3.45	0.194667	-0.1	4.30031	9.83396	0.591608	17.3609	-3.11026	31.8358
2.525	3.45	0.194667	0.1	1.21772	10.9704	-6.74424	18.9165	-4.93915	35.5007
2.525	3.45	0.194667	0.3	-0.191439	16.8763	1.47234	28.7516	-1.36501	55.4483
2.525	3.45	0.194667	0.5	17.8645	30.029	6.27488	57.2946	23.0183	97.6601
2.525	3.45	0.194667	0.675	37.4811	65.8375	13.2888	142.27	43.2472	232.774
2.525	3.45	0.194667	0.825	24.2271	76.957	25.3862	144.011	-29.9189	240.634
2.525	3.45	0.194667	0.95	20.8104	92.3811	-25.6191	143.535	-14.3405	294.838
2.575	3.45	0.149512	-0.775	-1.20597	40.2007	5.23245	64.5245	7.75019	113.236
2.575	3.45	0.149512	-0.525	-1.87164	36.0665	-0.605085	60.0934	-0.146295	103.485
2.575	3.45	0.149512	-0.3	-1.23411	39.9716	1.60996	67.7374	3.8125	120.315
2.575	3.45	0.149512	-0.1	3.91868	44.3831	0.755602	75.3897	-2.20637	134.647
2.575	3.45	0.149512	0.1	-0.0715856	49.1937	-6.54501	83.0778	-5.66326	148.813
2.575	3.45	0.149512	0.3	-2.77148	79.1281	2.30107	131.805	-1.56463	236.568
2.575	3.45	0.149512	0.5	11.5728	121.085	9.93197	198.649	24.8091	359.197
2.575	3.45	0.149512	0.675	35.9861	240.021	9.34182	448.603	27.4352	736.084
2.575	3.45	0.149512	0.825	29.0851	345.947	19.8138	581.094	-28.0906	988.154
2.575	3.45	0.149512	0.95	26.8374	461.029	-32.8514	667.631	-15.518	1321.48
